1096447540,0.14468321717528751,0.07672007095135415,0.0032114587512379381,0.10891440418347148,0.045613958794041579,0.00097521487903470176,5.4749691850354578,1.9396817818316259,-1.5903380289796709,0.099114668644292497,0.059836794202322519,0.0037221049688572348,0.084082903108545243,0.014265279464868589,9.3348005225894819e-005,8.8580454382173759,0.068097323171846066,-5.7914296557002984,0.22569537227965336,0.040738912436550249,0.0037456776591081784,0.30677898669784254,0.016023784878393166,8.0643659815844397e-005,1.7310077991944111,-0.31416848627638416,-0.24886771104527397,0.10462728838233763,0.20713486130195327,0.0022873387945119669,0.132958379112074,0.16675490475898622,0.00117522418583184,5.6559672012703093,2.4042355059709917,-0.13516775624589772,0.11534970061615557,0.15814145208922534,0.0028403604195572653,0.13906788350516472,0.074440080590605834,0.00085280715151834986,5.5043928377374653,0.32292205356588655,-0.90966874287464128,0.16343132141189476,0.11980012663328905,0.003006397360147739,0.26627635596977373,0.093355138157588557,0.0010817820464849961,2.5679152644246312,2.1847420501479542,-1.0460382378217399,0.22644795298852671,0.36013733832547568,0.00088148243803694824,0.28453765760892713,0.26576445935925891,0.00077861397529748063,1.7597926314421242,0.88112702611142302,1.2530793789136743,0.22046856154155159,0.25241415933935751,0.001677290646254524,0.26574275041820211,0.18566012656902323,0.00095985282317826684,1.994767118659329,1.5758114581162366,0.18260345521531901,0.15415729554908325,0.28673571919471685,0.0015943542740272929,0.19383065969638244,0.20594460370762993,0.0010200728526413609,3.3832978355836039,1.7108485809085296,0.27462268512407845
192682817,0.60856166144023827,0.38323955676333255,0.0025773267053299702,0.12752040374340806,0.20178607148216499,0.0008741287921898653,-2.5590783351695565,0.20169867572284922,-1.2376094477651896,0.63587170801804638,0.22772821978255436,0.003192401171091758,0.035694469279095566,0.16908606027526787,0.00044802128952440429,-4.7246763529573723,0.64973614356639009,-1.0390228123783853,0.62675793326380735,0.31493629672587159,0.0029806331259375181,0.01894799590913776,0.18808425877795637,0.00042245192827807052,0.8659865842767317,0.14912952477249325,0.043254458946218335,0.45080178292441336,0.11116641304036254,0.0023028272802262223,0.26320348801125143,0.14571733353243818,0.0011335210194689939,-0.3954401008769573,3.4262560898818371,-0.15441159884449593,0.4384582041682063,0.14655763198832458,0.0021647804293400915,0.2592545420369608,0.16697843460027753,0.001042789866589357,-0.086874437066407781,2.1155088929094386,-0.2390959690577194,0.49748830746663081,0.35937974289202956,0.002233223317864479,0.22922358063117124,0.21034686301092687,0.0012351578237993631,-0.88287367336987621,0.82075018101031949,-0.77042697776211899,0.35573388813371581,0.18452793903520098,0.001148618353721022,0.25568265080517799,0.24331512220782944,0.0010017357549991987,0.32607464468911529,2.0920796056984883,1.0845840584204447,0.27790917622887568,0.12677724205575272,0.00085919238357210393,0.19018159598142884,0.20940204590294567,0.00054133201912338609,0.73713383656547005,2.8251917016608572,-0.18086858696070399,0.3463286738648102,0.22969686547439724,0.00053344055103394595,0.19247068925892005,0.23124238284007509,0.00031801367672430677,0.45141085030393768,1.6995221981916688,0.53213120608814413
228917454,0.51714377165501946,0.62973511137421068,0.0024165379142658643,0.19236168411097157,0.20135308823361184,0.0004093668300430132,-1.7371206778836781,-1.8222077819060489,-2.7145109987700553,0.59860560086487369,0.41553273284615089,0.0029048891381820798,0.045474109381187754,0.25817019531541241,0.00040497811004097141,-8.7939842981831564,-0.18991442630777589,0.55424219521851514,0.60167691066081486,0.25069692889145556,0.00307942222912837,0.061892247866384358,0.19787199853981483,0.00037852408940860756,-6.9918457718242299,0.86793115919753328,-0.36597183149356061,0.34395596829974723,0.42561636251069834,0.0023828698457456932,0.26449904847273847,0.28976615461745847,0.00074346800078018869,0.13378524952967114,0.021021979649026731,-1.2134709487015891,0.4746673461799425,0.39333354501785928,0.0027582996345239977,0.21582630773132788,0.25145937835795551,0.00044367559993414613,-1.1954584468492722,-0.13486478359575868,-2.1084166532060977,0.34486549651069764,0.2990517603279747,0.0026171137312173192,0.2554927092798715,0.26548134312576832,0.00064918369043325973,0.0590787922423315,0.58042393870143494,-1.5953449640400863,0.17760605958128589,0.15601224326182853,0.0026635715558049338,0.19784349432425097,0.17112106963023307,0.00064412227096671761,2.0054983935946695,2.5402134128819558,-1.3113925715018064,0.30209812780528295,0.079269930450892381,0.0031280537900787012,0.25750503123394108,0.042928202537412953,0.00038982074871651932,0.40627798441963642,3.2949222706187524,-2.0414950514985675,0.12480872313653474,0.084657632459163037,0.0028569523980373234,0.12243170259271942,0.073278443808011934,0.00049974968701308907,3.9708781137733959,4.2452051946312173,-2.2894322702887187
228917568,0.57277267116182562,0.2045549939006597,0.0037690963076384087,0.076910963810798594,0.066797741402301283,0.00012485728007193472,-6.6840507165668352,-1.293451025030609,-0.12324614428238839,0.37372213300611362,0.18622444547351177,0.002937880072244564,0.27200224749031227,0.13422187727265011,0.0012621282337749009,-0.20822945591501196,1.3245454235497787,-0.78643863847786655,0.4887077860813131,0.23888490973041657,0.0032465110520723977,0.197399934026395,0.081269379520098883,0.00098476432708876249,-1.4446088206772394,2.1379017599374133,-1.481516024857054,0.55768580144528046,0.25459169483049054,0.0035486772506826856,0.12531312619870782,0.06413413421256034,0.00056431914465916201,-3.5188059308287167,0.2222469355236843,-3.2937521953455868,0.16140542745271999,0.22802807380781329,0.0017525595724621186,0.20298367919852239,0.15035606097333112,0.00083757108261548027,2.0647841613392846,1.3397200585159972,1.5653393814768937,0.21139004337019013,0.19864151174655859,0.0017992456351568506,0.19308903983665304,0.12742970223350644,0.00090330129438201238,1.4662377611207451,0.9494205766830226,1.418068629852143,0.3838061114570761,0.28944363778948623,0.0027009554417731872,0.25249399880933487,0.11825058446147925,0.00099190448812771712,-0.43383377448373683,-0.048336704513339136,-0.47326349245778204,0.096844921408816037,0.14041887352648677,0.0015212684648627552,0.12779790224057408,0.099451451796218074,0.00023764302633873434,4.0740274913562331,3.8755707104680539,-1.7089049393922464,0.15589948606473733,0.11732781571566529,0.0014113798172661932,0.11166638561625671,0.10441982653947081,0.00022524677769861755,2.5354058732020066,3.2967329852942719,-0.16083519540454039
228917619,0.56500353139223969,0.29293843169869749,0.0038854000462381672,0.034716182069605063,0.020747564180173355,0.00029102745611171563,-11.409303492969409,-3.0150991393800752,-9.4696893211634752,0.46703908724621634,0.21787745780790113,0.0032470778574091278,0.17835063863990194,0.085293714956627478,0.0010951364121493598,-1.155619986871194,-1.1793065046870337,-1.3163779653706527,0.52098478032354234,0.23748960436109773,0.0037387431660171949,0.10587230417997238,0.060192037285014398,0.00056684044482691552,-2.7957496982923322,-2.4613677918162016,-3.5096556231517173,0.50199213878981297,0.25251924773201695,0.0030382164076251839,0.1536136213572786,0.090538939896491019,0.001250308477542327,-1.7604255697936999,-0.470136889989616,-0.87084039760341103,0.28123858022048287,0.1313245891097552,0.0016480138863096696,0.21517530105905544,0.097703150108130299,0.00094723906762961513,0.93774310283793327,1.508644034601897,0.95534600113674417,0.20970749414680681,0.11870877858231693,0.0022340105941222625,0.17053156563833061,0.09635481226758745,0.00087887538013491052,1.9442777832538494,0.99298519895093362,-0.62042297191559881,0.18265693595095941,0.28698728298826787,0.0019359139399161586,0.15887711353964751,0.18201376278836223,0.0008338309650310217,2.4008336865536548,0.75071453269855992,0.10693991677802411,0.16625879748163724,0.22528929338408871,0.0019764695775868666,0.16792907947069247,0.16995603548424956,0.0010963240209892438,2.8743184654882787,0.78928326328124254,0.44149133353414677,0.18527858357646945,0.12527904467395859,0.0025731033602798882,0.1629746420354222,0.13168202811302926,0.00095714445798591216,2.4612671498694332,1.4351421877914823,-0.39244307339053458
2916644863,0.57473943392143045,0.19658185709376663,0.0036769732840200887,0.044911369066843093,0.16721091601956098,0.00016490016220715618,-10.144096382977645,2.3334066346319227,-7.3445674859354391,0.30503287243917637,0.41607047895991289,0.0021765396299364709,0.21790416819087807,0.30903543768563674,0.0013150818837940411,0.6157128143007139,0.55302805667449995,-0.11988043339031514,0.26375355570921588,0.22348263556900941,0.0028947064419060265,0.26908256003870434,0.34010183250909648,0.0015080438347272939,0.47553094207136737,1.4233207248762056,-1.0449938779010828,0.52171528945538947,0.21188817872379082,0.00345169653058677,0.13674700126311751,0.13919000808196319,0.00056411897572685571,-2.2458647594553018,2.4351313929961202,-2.4701906305558174,0.21081081579673955,0.49213401268413537,0.0012289291948023074,0.14431873753998523,0.29085108978731988,0.00093818695942944781,2.2161081060843162,0.52301537656638097,-0.054955987043341398,0.36026431564977607,0.38912647635792852,0.0019657769763526413,0.2262727053317746,0.31707844280318198,0.001480342399885636,0.27265917051076177,0.68323724716960654,0.07935432707164701,0.26824825386610968,0.53437944213261568,0.0016603238552163441,0.23538131672934978,0.32439274037923871,0.001234106279460064,1.1148606941033741,0.26001567737007947,0.25522569406493045,0.17794285285585276,0.37772091723507739,0.0014869001268924872,0.079908871522226269,0.17768197451049625,0.00055138879314067086,3.9483621324134819,1.5835754522939445,-1.6206328286716136,0.36487052343972726,0.24844879909117598,0.0024541138926341575,0.19973636633155806,0.1716173290546654,0.001189005829031455,0.15657591983298327,0.99358609636408157,-0.036885058467615528
3385127115,0.16646985319558635,0.16801183467352665,0.0019622376935653396,0.088698315335329347,0.062627834066142488,0.0011858710975724983,3.5539046292643985,1.3658122700456428,0.30568238658323094,0.21371957475153827,0.13736289300650181,0.0026521669608075065,0.10022283425319607,0.062843707532182352,0.00096398034486293923,0.80907104403595587,0.40885679888815057,-0.22598183735826141,0.16366940399960581,0.17163149615934487,0.0026053364090733947,0.098506461566125678,0.067538228150372567,0.0010553970781574259,3.200621489644297,2.8164543799048101,-0.48889923848380984,0.17879466543201344,0.17285662013880346,0.0028785317973160475,0.14180042185708427,0.068699979269073508,0.00094153666924827993,2.7650802973999657,1.0470861557648681,-1.172520395144955,0.21552037603301574,0.067560106703688741,0.0034020346206047694,0.031577343260368484,0.023021846434228437,0.0005892739169282077,1.0632347389750478,4.9435225926448716,-2.452767927832697,0.18264871158818005,0.16242675491034392,0.002623560354451368,0.10246962517079748,0.063818654333413466,0.0011833374962134774,1.6086590629131428,2.920458712517167,-0.56050989288575115,0.13447016613905341,0.18183743038849232,0.0031179288781425143,0.061941913035792849,0.035099318451055662,0.00057433540812413392,3.6731263269470364,1.863444152030584,-2.0301023346056848,0.19430729060615098,0.13056868689708595,0.003353269687747574,0.095340510110191568,0.061774565278153802,0.0004701505325971668,1.6218875709842633,0.6209575467909213,-2.1475132195791171,0.13812990760091229,0.17583211127451182,0.0031965255254002957,0.062825393790591239,0.027853391170605514,0.00057091938722323473,3.6332506040567827,-1.0749818962475286,-2.1072204197206403
3385940164,0.41838936930489223,0.32410336893099884,0.0028621340263013137,0.23356109941099318,0.16656497196961961,0.00052507946880180024,-0.38394904020106069,-0.36805728826774031,-0.54103218101851402,0.20997998176403534,0.13616944687057461,0.0033889875534431316,0.16528965382947253,0.11198706750380279,0.00074812158581710395,2.0663214120604048,2.247246068778078,-1.7503362951769095,0.46528143738955374,0.3360842705975301,0.0028906628127272961,0.22453259041114332,0.1672345305108395,0.00057866096376239849,-0.73707427679652449,-0.72320494471193786,-0.027867074251558752,0.22302729304515664,0.19254695918191264,0.0031402291055802264,0.19440206738458518,0.14431291903083537,0.00077937500770541509,1.534903901194552,1.1999452082388327,-1.418963839765258,0.13852579526579509,0.15014313700371607,0.0027313157589990912,0.050038821541211143,0.080232309320454845,0.0010781346353592471,9.4650396147889406,1.0641427867109501,-0.21930710947912985,0.17049047350595328,0.14536998472257143,0.0028568978567096301,0.14675769310271508,0.088741735650114645,0.0010868668388742029,3.5914746333445384,1.9446853185770447,-0.67964686295061372,0.16630944310447629,0.1327904273118572,0.0027761845073488514,0.098746129231905039,0.089936036334344646,0.0010912675051548033,3.6347026545174241,2.7525342752620467,-0.64392934412002434,0.14317718667469909,0.18653120013297866,0.0023758936090382044,0.12004886729175485,0.15312316383812502,0.0010524485592180316,4.0828815360922581,1.6086032452165446,0.04103681677555817,0.15894777372742747,0.11824736841129484,0.0028062104010044952,0.094708304924549638,0.055866831334422572,0.0010595555023662287,4.352589205545538,3.7757050942224781,-0.80762815349544603
3555720563,0.071972144986833325,0.78134291638883602,0.0019284588405067715,0.12021289147187653,0.21582595794645149,0.0010125258729979647,6.3564860572140667,-0.86777773512094258,-0.22012993296502714,0.10258054254052446,0.87355329632779544,0.0013000971172613821,0.19971986053089311,0.1546653694914038,0.00091959796886873521,3.6522003943447383,-1.6053010176371791,0.58053578197156896,0.069980306465074332,0.77912733764229858,0.001849719649889745,0.10989431583936202,0.21169975150348624,0.00097250406620889331,6.922624733497786,-0.64148217730600798,-0.22920629601507247,0.072059445810140468,0.68775334835334789,0.0021148967293008274,0.066277575530104299,0.28385981741712762,0.00096928756680911862,10.101257233348369,-0.61833347573947528,0.20565268772759496,0.07807057401153629,0.65961005753555402,0.0023269917167500283,0.07965833767198828,0.20043774113948148,0.0010095913640667585,8.83116754307515,-0.42604092197708898,-0.24795893116454984,0.069573911869253532,0.68788039422738212,0.002126347113988237,0.057259233425371765,0.27461800201345532,0.00091830649650245073,10.882208692212007,-0.45314290683321667,0.15055327285864031,0.063325548700416026,0.79667257400212166,0.0014447131369750058,0.041450806592599483,0.12644713022575102,0.00055472430140566771,16.056524327434968,-0.88678913451384522,0.012596549869074335,0.064610679652297859,0.75546190189544193,0.0017765480308681717,0.040073873157624021,0.11136618913568133,0.00051224436099329247,18.846479863385305,-1.0614971018356349,0.055232921774857342,0.060282265752995751,0.84316750999277401,0.0012506921648225908,0.034275994380784339,0.10911929345754114,0.00049236973852814217,17.327798266402134,-1.0839783192762795,0.079075189389793785
3555724351,0.082061021740663362,0.55402847181320281,0.0018820674950857108,0.016663051014649766,0.11406005170184258,0.0006368054990806202,3.5717765423994954,0.86576510533669437,-0.089097426435300067,0.082572733193128772,0.58207252647695029,0.0023348147904089663,0.0079138508555188693,0.10100316077882034,0.00037520926184635806,-2.1806654327146804,0.67052687731670291,-0.43625623774135469,0.078405502546066638,0.65351534300456571,0.0017413772489143959,0.0048724145372761544,0.094540314534157552,0.00037272543276646087,2.0966766735244522,0.51822267238052999,-0.1326642854487611,0.098413675006821064,0.45341570159997507,0.0024912808396752345,0.024568962981510505,0.10994576499888892,0.00058832691519972386,6.3832846833364076,0.47502794553454802,-0.52014456721671587,0.08590722159899343,0.54027989328153148,0.0026070004001279364,0.018590875420153388,0.10987908760164047,0.0005438956943730832,17.362381039142132,0.41555472807534255,-1.0159485632761267,0.081917535458482474,0.60991893979329737,0.0018153954438909373,0.022470415206137948,0.11946613531973004,0.00055717123117318787,5.6616442220832726,0.1576402125308741,-0.2830955876960754,0.09812482148899529,0.46237052255944217,0.0023176712459816477,0.030134594553645262,0.10476976224132616,0.00065741591706218146,6.0372931778775518,0.25764032721754893,-0.10051101691861822,0.088654478435210585,0.52099439892901545,0.0024983519098282767,0.025710853217673513,0.10894511510828302,0.00073576915838440774,1.7764325373358845,0.29373778479859175,-0.69733768580098821,0.078369707660865429,0.6095911309874229,0.0015073622999083648,0.060767156978442032,0.14866165827928804,0.00061821407908546828,9.0791958693651793,-0.47298631575409333,0.30679391273865692
3555731397,0.073268327692644394,0.75353985066696327,0.0017000297674409938,0.056031608086998204,0.12902826829774919,0.00053667634343458007,10.985624981586742,-2.1130400868593764,0.49415914767489755,0.094721459770167327,0.65850726830062578,0.0017706794544888342,0.10712946852621411,0.27877335630247557,0.0008480835168526887,6.3855498816585134,-0.70452210526413217,0.71455010726463264,0.076860260696549124,0.73185062226678832,0.0018298929935617655,0.065992528491904151,0.13992578240972056,0.00049345725460073371,9.8026463928001579,-1.9318774397534815,0.37400616068327991,0.11056269358926854,0.4782023802512681,0.0018249294653506728,0.097887549246113328,0.30175258112120235,0.00098140318900162495,5.670590895679303,0.11681078332775641,0.58654894028177462,0.089471174383836088,0.3861108946145731,0.0027943433370900294,0.082434870284910561,0.16834157963945626,0.00077566782057888084,8.54167237595472,0.016753439900960242,-0.50009477201310304,0.11094199405897438,0.46204519498652696,0.0017361330540802159,0.095015730872881204,0.29364970877575641,0.00095431224526152042,5.9948980757998349,0.30546185190361719,0.75719111424964269,0.13040845145317725,0.46379930216156989,0.0016605752603098989,0.11393274808981142,0.32691656790049423,0.00095443880515036841,4.2734271644743558,0.0932718879824639,0.67131553006554423,0.10447980921785148,0.41589149925726293,0.0023491196360038527,0.088265723683961572,0.22279754358754317,0.00098574095409925352,6.1866771734991666,0.37376721344153541,-0.035530872410050048,0.10772465082593299,0.47034393543324515,0.0020252939099435802,0.089061654214579733,0.27164775575498712,0.00096069679968794719,6.5590097505697287,0.30998621787989117,0.46982250853530177
3555734397,0.060559476736774122,0.95020040697406494,0.00051597914657162979,0.018886892104287126,0.060511212892914133,0.00034780370728040107,1.9895949601447449,-2.5161929811502746,3.464063097899758,0.068651569779502597,0.8569990132768498,0.0010116033530814458,0.04487132653119151,0.18030157248815062,0.00084939965708393222,14.86879007757946,-1.4316905938848352,1.2768910853393294,0.080661694045815663,0.69517159804848705,0.0019601172220422604,0.021984752252451664,0.10283209411097165,0.00055754642299312319,34.383450250507636,1.7964278025182092,-1.6773659509639751,0.10729903180863747,0.77147471721812566,0.0013427975949007393,0.19776684779279838,0.27363430758424806,0.00090709969108546899,3.7975596331584849,-1.0359171668001286,0.71368397396696126,0.07888791889957307,0.54597636202660083,0.0026235307489987985,0.053131092617758266,0.21558101346485256,0.00088510928295132169,14.328688930629257,0.64520021788328707,-0.73233927331673843,0.08433804286757722,0.66406317297479078,0.0022830709494462797,0.019909678709053566,0.091457649233319768,0.00040220626540097762,29.622307358470763,-0.067104503574263091,-0.11091564645234298,0.14851780662568179,0.59249635110569387,0.0015790349964585539,0.26293369878681466,0.26026306257554888,0.00063871506169248542,2.6855028113565376,-0.10580846390504232,0.2641382499279219,0.079939476290592545,0.48855013755329213,0.0028619977214649497,0.019891993976548322,0.18449570844825003,0.0006371560286005122,12.804525777750124,1.0877599487402405,-0.65954152395912624,0.08173525643671252,0.67015954452285642,0.0020563370621063323,0.0066289487173114194,0.11204430842360191,0.00057362573199526618,0.64777408900643241,-0.60997945892151362,0.74489605352802668
3555736651,0.12142238648145487,0.64120307727729609,0.0029237011599079718,0.16919128897942459,0.19854735659585196,0.00078410655400634949,4.0232717925154535,0.032678644454780942,-0.45237585233615929,0.078913423360231702,0.76577294792057193,0.0031559792299576642,0.052742184451084001,0.12569183699449463,0.00096957515164338922,9.81871231633367,-0.57400669756869038,-1.0563083876506645,0.071403406004546546,0.73107118004705618,0.0020729980836622177,0.024746365035148717,0.16108445533499433,0.00084426119831564029,7.8365131030301098,-0.18536666261118567,0.38812481963753437,0.12013261328146492,0.73345969751631734,0.001926537392738701,0.20620468020687896,0.30739196869823193,0.001046726021912034,2.8112736475478091,-1.0073596304942563,0.22391892674227484,0.084552094070716025,0.92893520888744852,0.0018673197860333288,0.16722652782923755,0.096637064730963923,0.0012761170255417998,4.9607766521283789,-3.54236464324164,0.28139162763228109,0.056989717520404028,0.90576186018015292,0.0016986803304534428,0.060312518247831494,0.13365278412377518,0.0011467351651259221,12.532730680936851,-2.1066159779257907,0.84761666882413189,0.069928182900781191,0.83590031103564699,0.00094972907408499613,0.040636083848641737,0.19043849159153903,0.00088395193897047321,9.7651277326756176,-1.0486004936801387,1.3444820196213831,0.071119572231136297,0.87215184451912253,0.00070299514759446637,0.064231566987932517,0.12633455310812805,0.00061473954999490704,10.655660713156978,-1.3625028944772886,1.6702186971379551,0.069150389963647529,0.83907107889425059,0.00077407549520310567,0.052102336190687611,0.16069416928454092,0.00062279452769253862,10.712820954424723,-1.2767928527178256,1.5723371657757672
3555738433,0.24610466840848375,0.63880316205266241,0.0005104914022584213,0.16383481696159385,0.32291394284540093,0.00097954588369172555,2.1801633316042959,-0.6020345289696547,2.5722612641263476,0.24339036983218784,0.64551702491521012,0.00061910480923006652,0.20525912537022287,0.30806515523833233,0.001062625439482546,1.9999504168822493,-0.80935785075336031,2.1131711001911695,0.21743464037949162,0.64577267252295123,0.00049255619491092866,0.16560700343061524,0.32979382650627431,0.00097966275892906094,2.4297666383495886,-0.78726417824578721,2.5629756730321636,0.29190353681282194,0.4531980148661045,0.00091687328331611342,0.20315558845808682,0.32029362300229441,0.001261542609838664,1.3553195652770245,0.45045086603878792,1.5224666687486288,0.34783237888501412,0.59320325285705455,0.0012523944689048787,0.29469863571228427,0.38199437194777036,0.001343722371954813,0.70041625049857437,-0.3381307878999445,0.80860232653935993,0.31543156059705085,0.59222530599818279,0.0010102925585998327,0.23534541839371501,0.31507976528518844,0.001280829243648852,0.930658289974993,-0.20868215872674115,1.2908948416963526,0.28249440349531041,0.45234423046585537,0.00086079893940545899,0.2262172857037677,0.33423332058206323,0.0012953412191126948,1.333940843194928,0.35967993174509133,1.5293492508331648,0.29188357349276861,0.49217665836491781,0.001187718099765917,0.25891376916718439,0.34897040504479526,0.0013994703580991418,1.2973116000784666,0.14087206083071338,0.88525806357315606,0.23526745583097736,0.52138914336491782,0.00082763909312835314,0.21389142364292843,0.36641178929057477,0.0012724684864985211,1.7049590592853749,-0.036263400336287034,1.487346506282442
3556537074,0.19098173627225001,0.71163686916123825,0.00040341911944252203,0.10093986720114395,0.20858462149521415,0.00057904749889509327,3.976957879540727,-0.8678930444893781,3.9857167352724412,0.19172533429247612,0.67438504857024928,0.00066970564554044926,0.13665199377119777,0.23395206117145112,0.0008756320802709805,3.2188060630130431,-0.81500499422208683,2.4103902198206146,0.21250580087336435,0.69378287644055214,0.00052367663208591317,0.14556480366695157,0.26115379121101628,0.00076635150596204003,2.8864507613108654,-0.89968821734167015,2.466249285518757,0.22651060476192023,0.67449744324641114,0.00071990276935320389,0.18576771414866908,0.26021642913508675,0.00098243125767120943,2.0017794004497955,-0.49638881271819058,2.0197321099101782,0.28401314904727526,0.58608674185497778,0.0014750266576091155,0.2585443989304364,0.35271973805614737,0.0014967762340208626,1.425526341115875,-0.30883465441235175,0.56817597737524106,0.28619399021870812,0.57575575349548291,0.0012642094151296007,0.23720113447218,0.33301189970348949,0.0014027942898298062,1.2909111267588942,-0.23515472828450498,0.8051163608881422,0.28616815956670455,0.59007400809783006,0.001074990282807826,0.22874285743589115,0.30384504935488738,0.0013226764624434,1.3354886233592582,-0.42972851585700989,1.2028390260883919,0.24677663141457321,0.48896226479644694,0.0016155999593542609,0.23958566043591067,0.31469149961699422,0.0014827917287554056,1.7309774223621852,0.093356429373621597,0.41601277391918484,0.27762901883512253,0.45009285211187872,0.0012249003258503438,0.24604418379978871,0.27442792947404837,0.0014666974023970591,1.621263950618389,0.066412313533869741,0.99043172073550922
3556541974,0.089345531877403628,0.72086054016304768,0.0016025570966542782,0.058572528241707125,0.17119932137390903,0.00058913671171367127,8.0959747604605319,-1.3082847954697048,-0.11289300724074178,0.08954165770804029,0.70622937778699846,0.0018287840553292158,0.055034236367182819,0.19929648509880168,0.00066665757839457905,8.3628351175452789,-1.4456772130464153,-0.17630059286374392,0.088106847642017941,0.70862297676487351,0.0017961357138031873,0.053555929765503427,0.16645149341247931,0.00063994157857797892,8.6205332837035495,-1.2661692883227915,-0.21788946763860922,0.1134712985778924,0.62778856090894253,0.0018523168330594687,0.11170759221719405,0.2088749407711939,0.00052230159336113429,4.1226315451177209,-1.1588176900486493,-0.078239933963887856,0.13261825321350057,0.47639682992605981,0.0024602707370242958,0.11569292132804339,0.26284316001218849,0.00088664797867903599,4.1871762207078236,-0.019796849416025327,-0.19640324981566168,0.1019764357865961,0.65023786476197243,0.0020042347610543004,0.089906289141325771,0.19773041195881491,0.00046559590741736891,4.9804004968466149,-1.3759616481316113,-0.38921875177733262,0.09576587554153182,0.69073197165876932,0.0018236105356047737,0.085341251395876006,0.15845307885765419,0.00051678689428062761,5.6132495088221352,-1.8382377186238545,0.84327182563455727,0.14478507891568682,0.43428796519122881,0.0028748844887785149,0.11892317143200334,0.23364941859182195,0.0008863088491335684,3.1989209953404565,0.064699255628090757,-0.47095997186941602,0.094555212525852,0.67073850523071721,0.0022592615727249658,0.074637993120348023,0.15675203253348022,0.0005994667826824334,6.3575584075653486,-1.8710706425335675,0.43322891447637768
3556544622,0.10813876261451257,0.8889637281660131,0.00045271933035180166,0.13861433453460376,0.19719485061185671,0.00061323414227954106,3.8279570326729369,-2.6494078319439054,2.1571290139445138,0.087032931005900496,0.82791913606136691,0.0011599580352551879,0.084677981165704727,0.19266548444286302,0.00099730270415410247,7.506957535864248,-1.0765096304535959,0.53077901092820301,0.10258891220156849,0.89102717442656143,0.00050641410941612206,0.10679941550614504,0.19134828037997695,0.00070450572962094799,4.4292821170755765,-2.5975589743045027,1.6414030259642889,0.092025365342050414,0.71672208063023946,0.0016929759847248546,0.096081471366603347,0.19695455640510889,0.00093602335250069987,6.6620590727366258,-0.60164089878220905,0.49873351687811268,0.095155957562538862,0.55011066516635787,0.0028560554192517181,0.058390241215048433,0.2117392648686354,0.00076983079242011086,9.7585010065678617,0.021726414702891311,-0.3178776795902396,0.098907236817911637,0.67279262259374206,0.0019824866569588466,0.097983256029948534,0.23385543126311731,0.0010326885534984599,5.9911655319013901,-0.76378978067547931,0.37606309136491339,0.081887784878390851,0.70482927856067601,0.0020402892361070153,0.061161489182129464,0.19366518689856743,0.0012589921931816482,6.9006349150349937,-0.15512023328585967,-0.10524973014610821,0.074752215800291816,0.62081056680321911,0.0027682616793223615,0.035770330392428336,0.17354699598739304,0.00088913080351709858,14.555995944330096,0.071886923765095229,-0.69542503505249509,0.076737591716093997,0.66902897199336575,0.0021966490184816972,0.045291288038908958,0.176676323448482,0.0010934036178739291,8.1168409132502788,-0.091508647882464392,-0.24703277560546102
3599162635,0.49029470524877861,0.36784596900070426,0.00061260615373586087,0.40734240264623794,0.20880345883450138,0.00079559420592304874,0.025673753578664305,1.1502876983162134,2.9610395565608285,0.33930868931299979,0.39644845979906085,0.00069401858647533045,0.38085453446684331,0.21393508148798859,0.00082592761434163134,0.80095588243093363,0.88399776963918619,2.7090047142707205,0.33187672792279721,0.40841656455350034,0.0010515758053812288,0.38612462162908845,0.20766515707201577,0.0012283684622817598,0.82315176108699262,0.36784736256460782,1.3247380628042227,0.53522097850953876,0.43048023633687676,0.0010678378095257167,0.38588668792538311,0.29009149028135572,0.0012659258895633696,-0.11184245846238308,0.7138319092400488,1.294240901148485,0.36465515386251762,0.48741259852293678,0.0014011684417421927,0.32061338813918,0.34222041690852412,0.0013414625321050261,0.58970573744438237,0.14833079584605283,0.71060604027467367,0.22336693728252235,0.44584026466014454,0.001038727705816078,0.28508706261665673,0.24189905668226619,0.0010796171784547379,1.6968565818454395,0.65524497346560728,1.4768927821988456,0.63400879452603209,0.37414853749466204,0.00069398479050974276,0.39027171080440021,0.23727864761203513,0.00092061804046514426,-0.64490928509309131,1.2067785566835447,2.4573104861583004,0.51510595630755718,0.41197762238701463,0.0010035778534166673,0.39280970368289475,0.29033676365598948,0.0011809673201718265,-0.027136955138647525,0.6698988602862016,1.4915847902062842,0.4179592617080185,0.42063110051337649,0.00087270860953369276,0.39249093329287432,0.25992382403326697,0.0010044846459837718,0.42828113650407401,0.78521198566557093,1.8815341084569792
3761069216,0.069650175244780413,0.27312705443049057,0.0016648742391080626,0.019014169983559197,0.11185400564354583,0.00090905883763663174,26.943254109295662,0.3747297689780677,0.41812254668802812,0.068744208708887339,0.37758746110827468,0.0023623353730729416,0.019008209761952471,0.17475432036570346,0.0010755049867124068,33.092840304317065,0.019732999721111481,-0.65632456533797046,0.070855701203878865,0.43904636526450241,0.0023514000523147346,0.038615153352978507,0.19632332462572813,0.0011179789659163401,15.471068130075958,-0.054477308842564243,-0.69051652464258173,0.073731111072373803,0.35595579402735217,0.0016267793380451735,0.065133997975833885,0.15718292432419895,0.0010800241864176131,11.395770251776293,0.060323514865024304,0.66595284391049614,0.082209461284895313,0.47870786083480171,0.0020587273044870881,0.10033963419819508,0.22666692076527689,0.0012184510690507612,7.3358208469390647,-0.49269131039616665,0.017713966673817708,0.088099216966476809,0.42454939527381536,0.0021728808265367161,0.11091738077085583,0.25121101989201278,0.0012760049183526282,6.3231051216205332,-0.19765133162880233,-0.06234873828232268,0.066442309981519121,0.37302886422788212,0.0010648481503321022,0.033079939791959306,0.11508195602867935,0.00072181333452085001,22.895600879082352,0.79040925677300522,1.2802677572081496,0.06978774338037684,0.48996913396459468,0.0014398029964365964,0.047098786457369458,0.14117832167320454,0.0009457281506414461,14.924746873393941,-0.017277964112527751,0.70661416490496254,0.074417379537647113,0.36467994765917594,0.0016700787745282913,0.072082880466806304,0.18765360205464227,0.0011918176138068586,9.4036882549918364,0.094808465788527418,0.57387233791815451
3766463090,0.1386226026191508,0.048402540440102282,0.0014038337028411221,0.15711209653816005,0.049349840752395728,0.0010536112576192988,4.3955893913258111,10.18760553845202,1.5465387585801382,0.121412876811983,0.04310084332037431,0.0016035413018697119,0.11958661051989439,0.045034099295079087,0.0010993670516334538,5.5896794157270699,10.390885541498688,1.1354397250064514,0.12616397035417604,0.051995565372421546,0.0012408280103261516,0.11860673181794676,0.043416601391315389,0.00090556010553690454,6.0495135841514518,10.926214020378472,1.9909565443562733,0.11111938654001999,0.056806859807096051,0.0010602847138090035,0.057314623750804143,0.043778275805337968,0.00072525289631339928,10.914959431216705,11.962834672928819,2.8458677549161373,0.1095850919208179,0.045295147344906854,0.0013884041338270976,0.065439791972094902,0.040983376387305558,0.00088535001915428409,9.4077459225336622,12.442686080752056,1.6373981216001778,0.097508107944338354,0.077495428809043115,0.00099866215807533211,0.11731510611680673,0.056422057517026274,0.00079581769951162732,5.6647615020115252,6.3506127693592367,2.8517342731353281,0.10727528282305919,0.067623815030278117,0.00087451563465657358,0.047955207234814556,0.027865432929757284,0.00072281365356417261,11.60265614072552,5.9512839598564256,3.5834489628617496,0.10880518803058425,0.059856422888225964,0.00097934196818149212,0.069914480614365268,0.026075444327574034,0.00076706226339281819,8.9758439598543536,3.5976282760394382,3.2477180384212327,0.072812040593712199,0.093413607606284546,0.00088174333946547108,0.064918424504511532,0.046778227930308891,0.00077240605498501741,6.6824397312790627,3.9786763156931539,3.2043011703146393
3792109278,0.5024310353332182,0.2091816171474451,0.0014896508123329291,0.12804434193490238,0.1086475277433424,0.00076541084722141868,-2.5122211850517839,0.4395615052710603,0.50715254047733471,0.53579660184117728,0.23831065228895285,0.0015750268533638952,0.068294517734539914,0.0883332199308247,0.00063179512075048772,-4.194304862520438,0.91511952986192735,0.31376523945716916,0.51029335087177197,0.2161260404676825,0.0016709553492706205,0.12065372987494744,0.10980443904001447,0.00089564499077416195,-2.6613533457477261,0.58452240508878117,0.40092379096396408,0.42267685638761976,0.18722927691508509,0.0016173831076267903,0.19673781272785612,0.14650380454745612,0.0010352962881497332,-0.82646848545791818,1.6957963157889955,0.45218555572940494,0.41884206455869516,0.14369279860452236,0.0018567230956573028,0.18137558218853569,0.1288888649967819,0.0010355849117913991,-0.63436045926114759,2.734990550844647,0.22379929032501528,0.46597046044018636,0.18915426132289756,0.0016146669462146616,0.15920853951868563,0.13515367546033449,0.00091507831686337294,-1.3279621819273206,1.6100219624844603,0.21776506209954652,0.50615087888612764,0.28970001986206989,0.00086839931020091157,0.13603231077082087,0.090242814503568899,0.00070225569411985799,-2.4230751474552434,-0.70125848359102538,2.0780824892833829,0.43871064243365376,0.27041949733152798,0.0010308391858300449,0.18651006979652152,0.11029786258729284,0.00082139908715594197,-1.0879996910606931,-0.13626553766513547,1.4623058955427928,0.48938950617413324,0.26837710636321938,0.00088534811673598361,0.13937737460432204,0.11280989917440865,0.00062254728806908528,-1.9772196895981995,-0.30659287182708006,1.8332362925683441
4358213986,0.61120915980535229,0.23849681597530761,0.0029440356092725189,0.012758758897619486,0.10570563854852466,0.00026693210227557662,0.17559437947403114,1.0512922089408783,-0.86386701970603885,0.36418143163415106,0.31007270608667448,0.0027963450316148067,0.27026451762432807,0.23947833433642118,0.00092066188874265914,0.04140410230961665,0.86715252731816128,-1.1125037111767919,0.57371910149176419,0.17139295104374233,0.0032565873905482023,0.16484759229829429,0.23344921479792982,0.000947466102362544,-2.0604397914804147,2.3113477685056631,-2.1101294622791409,0.56189435716276381,0.28530851589593459,0.002886151137247466,0.13613053661168475,0.11641459554692621,0.0003917192929224767,-3.1401127191139957,1.1615385215821443,-2.6612652793656313,0.10890437692102903,0.3965923512100577,0.0024095377725792725,0.088872893296589886,0.13485213031348967,0.00080793451986587805,6.8754359467489747,1.5792889383040114,-0.42550024886651572,0.2692121128411834,0.4768011042789625,0.0017281589060185916,0.25491054668145108,0.27683936783264895,0.001278039164114022,1.0312522791536376,0.58110815634842716,0.080901821529905313,0.25197547521163532,0.51107363733536992,0.0014622806685041373,0.26929602608253117,0.26676931431200507,0.0010714514337606849,1.1688969199505692,0.21740406333070048,0.44153379629206041,0.11354824601216403,0.45094133732068714,0.0017768739181209837,0.049062808609473242,0.12027282094455256,0.00078372105987278493,12.031711786628387,0.93535444536778345,0.4220447924342795,0.16059437851482269,0.43227427413868186,0.0017073981115967518,0.17726511469785949,0.19610276571708379,0.0010207420042020758,2.7317395322896947,1.0136228830963905,0.16484746745401849
4358221162,0.51778162066112865,0.21073724110995604,0.0029777315694758206,0.24943682192193117,0.25944576037732753,0.0010690515203845964,-1.0315588585026583,1.6908746086453164,-1.5083083935261503,0.50217125751946157,0.18285402921492799,0.0031560441722489167,0.24674024792451241,0.19882254045598638,0.00075506375983358249,-0.98142900327920446,2.2775885180200457,-2.5993479147369793,0.63948045425639111,0.087778553250803221,0.0033649467611770812,0.087267643294808503,0.06947472949154275,0.00030596646113244177,-5.2751349994102039,4.8974226340296365,-4.3236071685395787,0.26206380759173575,0.36814310562185248,0.0024257810737293162,0.26030409843945962,0.25568048179300595,0.0010493065918744493,0.93839688483503392,0.53882739400392077,-0.72284809174214915,0.13630549144774223,0.43857833828705167,0.002486159169550146,0.15986661197110785,0.21961223885556158,0.0010601635197510573,3.5151579977980694,0.9157186284231732,-0.86970334263143534,0.18948382336281375,0.3864662096360405,0.002437750558199967,0.20747822234677821,0.22135020871955677,0.0010103383724712177,1.7946095079912423,0.89061110710379932,-0.99330574842079633,0.13765052987690912,0.41997837697195323,0.0015351097356921812,0.16250251965092449,0.24702757495860858,0.0010389439753205388,3.26434865160136,0.72012852131027105,0.018700659950688744,0.17785987183692836,0.49890772320734489,0.0011702563838755118,0.22488771038645211,0.31276330800103236,0.0010034080387634977,2.1265097832493516,0.25706027341588245,0.49157964790373637,0.12981456524589269,0.42687368855993046,0.0018143974058370811,0.13804988123440365,0.21752154811863561,0.00098733254701075185,3.8828293963761404,0.80837076964860455,-0.60840105489017549
4358264490,0.64714234462696896,0.092672746894300564,0.0035759494813295584,0.067543033061884028,0.18685124424708524,0.00092029899998951291,-2.7240136521118621,2.9123667456897295,-2.6583022533971929,0.64828369127964847,0.23110799432433804,0.0027858348991810196,0.11954146484942012,0.2627766766506901,0.0013373652797455233,-2.4552703221817636,1.0603383541448606,-0.67187128902736071,0.6451676388090275,0.045614263571443887,0.0037918121957420297,0.12115859077040907,0.098283472959014934,0.00050023132370444786,-3.5081440242945119,5.0394967992956898,-4.8125117246373845,0.55730586641091229,0.27434604264837664,0.0024500503598292628,0.24654915699003299,0.20810588337548749,0.0012232323794703855,-1.1557711316188337,0.56783608196389368,-0.1188769883511947,0.69312260725848318,0.36668848821517563,0.0015358051164864517,0.089143257341379581,0.15944860885700721,0.00076905108557441732,-2.1701352027541656,1.2410813524860156,0.49570603617416331,0.58450910224186914,0.13046225632028008,0.0032321448233158991,0.24727682406038015,0.16411620160803109,0.0010594276125465612,-1.3289745048131196,2.0283093414564517,-1.4716579192164179,0.59308399152569391,0.34811640070481481,0.0018429048596334059,0.24008022725859587,0.25925941391447116,0.0013640521018468948,-1.323053367186902,0.60558205808404164,0.34012120603838625,0.71330492088342357,0.40678879043558686,0.0012811486373063348,0.12049379507844903,0.18096308160324118,0.00075261930213653178,-1.0919671894622052,1.2891834794401558,0.37934008455209173,0.68710158221846807,0.25250081533558905,0.0022273231855572712,0.12830713920810596,0.19914082421637916,0.0012041863127027479,-1.8599481714764254,1.2348457445286949,0.081824205148538762
4532984934,0.20595895006807682,0.50473694387605583,0.0017295409476205293,0.15016310167709992,0.23475591988629091,0.00092006773888049422,2.6082890428385559,-0.046617749550472036,0.33530196857947381,0.27198060794351053,0.38679198854092489,0.0018958155835210127,0.20584647147316257,0.26022279831725942,0.0012015397827262039,1.2207224349451691,0.44210094812565209,0.40855152574177306,0.29030601837878534,0.40644344366401247,0.0017752763873467171,0.22806478258767518,0.25247520563987774,0.0011660806247230165,1.1646486255537516,0.26901758668869657,0.70896709743512332,0.2249151823881847,0.4679580796481777,0.0016738494695922304,0.17427356278889708,0.24883522902989008,0.00095358965469881688,2.1577426161737825,0.060052297082435757,0.59050672163421147,0.21594095181570744,0.40513502884241981,0.001763352123506123,0.16833431801515653,0.25556916512901096,0.0010710028946439975,2.1402860765897156,0.27309995064235898,0.53055957426964484,0.21395567449001138,0.49071028149682167,0.0012283522202394747,0.15697555473051641,0.23979089906062587,0.00099569604470893568,2.5105193647275166,0.034293335947771716,1.1441087755255912,0.20410090306985637,0.4916633649698019,0.0012010746786004602,0.11849835618035372,0.20387485224435825,0.00083077783397945081,3.4490371613047373,-0.0024573020572536035,1.3607482722760149,0.18840415094932103,0.54016843315016294,0.0014443277288225518,0.071243381240436526,0.18281035066838866,0.00086669361137649802,3.5823713012403879,-0.099878081644099809,1.0748102812689015,0.17995788895669212,0.51551135613101928,0.0015931512056093047,0.12812625114519752,0.21627427001558802,0.00097456374126395149,3.9664762679582561,-0.028037672050877271,0.43244853872014022
4544409558,0.5797857999193059,0.24575154656132592,0.0036333718703350625,0.010428619064436382,0.081223616442406804,0.00014517946429780357,-0.92728453542090317,-0.12631267182145661,0.11634747126786471,0.52807152623193998,0.23544843957653891,0.0034434331865855756,0.16539151014283635,0.073044349527627936,0.00066178335613509027,-1.9553921792161737,2.3086730492607987,-3.0445670515681029,0.56066108135666526,0.25116892977076366,0.0036209736955625919,0.05881568520502755,0.067645353722055657,0.00053211876899133495,-4.7176291187401507,5.2828148683290674,-4.4295821466793344,0.57086108044496586,0.35434808560962633,0.0034736802205003136,0.062762146084814521,0.0843172314851139,0.00041758694281020448,-5.4252529037765003,0.56883384042308449,-5.2691644476157409,0.29759464526521384,0.27254158613727159,0.0025916341313290936,0.23086179078360086,0.14574674031717647,0.0010032291289746493,0.70966895708341404,1.1893206609915188,-0.70161822872397839,0.33524013090263965,0.39562008848282004,0.0018676596939060199,0.24662184979314766,0.23110981706154959,0.0012889993165066801,0.81701715871799285,0.69717013528429295,0.19630673361073961,0.24000223064036713,0.28657307507232438,0.0020288874087792306,0.26393359823094009,0.21603341085093353,0.00092756325960676128,1.6891810887333074,1.1260842554564812,-0.32182869323939195,0.24705076744914123,0.22716713220090079,0.0019428600953407097,0.24357331382643543,0.18227528104208637,0.0010387185667200297,1.5021828667495887,2.3140833300609183,-0.038769587213244729,0.25249529029955159,0.29283468102206073,0.0016602850474628076,0.25699982248526376,0.21151627297689607,0.00094355118097007686,1.4871546050930275,1.2441185230725669,0.38182538989818848
4716530456,0.25466168555906593,0.62233958676929413,0.0022871096887617346,0.22842789635585845,0.3227217490426465,0.0013924447914109965,2.1624843596843144,-0.12404849039320699,-0.29680722150059202,0.26767287485140423,0.38068905841121237,0.00313078077590228,0.29908628637395795,0.28687892126377729,0.0010897996830129058,1.4711481918464597,0.81680855845159051,-1.9290756367000526,0.2230641939081536,0.82345845200730428,0.00046540785144025032,0.13766228562892768,0.31996299410897533,0.00070051277020086254,1.0674800621431404,-1.9543615260548448,2.6848625770756898,0.22658920350527662,0.51632193194692833,0.0029550096297378944,0.23210070369980407,0.27306120696271707,0.00083071069082748291,2.3673794743040553,0.11512715858920383,-1.1013196782505026,0.26341686849428658,0.41657811399408767,0.0030609927023372225,0.29131813034779541,0.23965731723680342,0.00071715223678093631,1.7122914168115713,0.57382510380731377,-1.2689890392402694,0.34311249560530854,0.82830176162747082,0.0013848258073366425,0.17506826489315613,0.30126774522291327,0.00088559796156847882,2.2871593000880357,-1.6389918735426845,1.3006064252840099,0.23798559445493994,0.47472015392689065,0.0020352446603239716,0.28554171929634559,0.32805899695769514,0.0013459782404549017,1.664088595839573,0.22148009874967198,-0.51291813162072697,0.32856162356039081,0.53293297789734828,0.001983798665374245,0.29964917902086657,0.35606659020878123,0.0012481982165383641,1.1500135953062269,0.12970643877869126,-0.10715640378715399,0.29387409993028435,0.92890924104566142,0.000897797975859691,0.10657910042310727,0.15121835846539725,0.00058205513340929375,4.8362846656976428,-3.7467752411613966,1.2437123456916026
4747010747,0.6316066316069372,0.32782109622558858,0.0034547011231387068,0.02358917747842821,0.18399733534561316,0.00021160457814823423,-9.6598581596405957,0.083923493527993026,0.37098990404149257,0.52716626677021028,0.27476689792337067,0.0029152011475061385,0.22309754246932467,0.163123064817287,0.00090711202921334893,-1.2788115490284606,0.80745229067108437,-1.1612697565480314,0.63082135394601235,0.40564717376362308,0.0033015175937507577,0.0099109886037904698,0.18561684779995433,0.00016714905398012016,1.1410221299725736,0.41553655584903509,0.29648825048898153,0.53359794846376951,0.24329853864624271,0.0031207270106178211,0.20805106512420427,0.1968023363808345,0.00085319856005943405,-1.5667408982480624,1.4793571842463953,-1.5489194319684558,0.21377804061227429,0.14952866029859066,0.001788340706806597,0.19587025475033096,0.12689115032827072,0.00067716004847806315,1.7923076581476083,2.5755750064831009,1.8150050491600815,0.52789970311762147,0.28555114383671731,0.002815757632642725,0.18522707391725618,0.18542764774608916,0.00090712399948024252,-1.4004621268492496,1.1956743908123648,-1.1816053856802038,0.19088266734347142,0.39235244398604191,0.001318947389321166,0.16308424372947516,0.28695575333541279,0.00076492663916199327,2.3982528640650309,0.77067037597800803,1.1994098239428685,0.16301394546056291,0.27207991763792116,0.0012806293955796161,0.080135306450032237,0.23460315593648182,0.00038086674048144401,4.8118099688358242,1.6746102437684756,-0.97510504247180574,0.24429820620990858,0.40112856977169431,0.0010568031195416969,0.1686793013936326,0.28027552413542917,0.00057967771619732065,1.9975589255844233,0.25188794825935651,1.4130774442862615
5507080899,0.57969328921029839,0.66082768057718855,0.0027975589020476518,0.086737125336259366,0.13896291825485704,0.0011502878625053703,-4.228327208463118,-1.6634866676399525,-1.6046312555199058,0.57886169547486266,0.66496180270830119,0.0026041645232151673,0.087766696750843101,0.15614346034070653,0.0012174007969180478,-3.8660039341831589,-1.3438403128589058,-1.2304344102169444,0.50120221350069105,0.57044623708806441,0.001828973778593891,0.2105050354217749,0.27221072320482315,0.0014777291705241708,-1.5409057884312316,-0.85615109699179937,-0.10744623834938642,0.5524074552445577,0.5754820326297686,0.0035296752964277729,0.16262350507169279,0.084707306174428912,0.0005082841067261016,-2.0484549876645155,-2.8746163375137614,-2.8739984316918927,0.54619587625490384,0.5479251978786287,0.0035290439935522829,0.18375221292188115,0.15543975070894234,0.00047697405112792299,-1.6495844434340017,-2.2372076074143563,-3.350999644089685,0.51653676745108512,0.51369097408707842,0.0025914206886843466,0.15104977221945115,0.19872290493371927,0.001414330733286114,-1.8870306991555115,-0.93585753143348216,-0.78429786134329038,0.20247110582753466,0.25917517919611449,0.0020327591590811856,0.24022336294182253,0.18352303437162312,0.0010702841425919668,2.3802371205772324,0.64107835098488142,0.36267286227801815,0.37057131636365132,0.30578216543226533,0.0028857540346522046,0.24890141137789992,0.17730473635701521,0.0012064958579324438,0.065036841410943597,0.092533646727213814,-0.85883416615854646,0.32904789518080535,0.2427711901541057,0.0010991885569475676,0.23275357965491308,0.18629537921256406,0.0012963242440043228,0.07846610390771086,0.74279201663558581,1.2884187523095736
6943562637,0.49839439852777778,0.29331318894539954,0.0026708769710825217,0.20170882523106828,0.11849749246948973,0.00075154122173584604,-1.3931142650842123,2.5629665975647873,-1.9081388075730934,0.50799655578098923,0.38082136709450498,0.0026817685647942185,0.18622738319297702,0.085332364514909692,0.00046184251004421494,-1.7122583169122136,2.1404435995465763,-1.9244332663669965,0.51047615819005654,0.45203353393068357,0.0025926670811075871,0.18487984013234798,0.05226726713035585,0.00041177885336865456,-1.7454253193980109,1.2088203083065836,-0.25098913700508285,0.21482649356529468,0.36968428540408499,0.002420599628477892,0.21481871750323675,0.17766335802679994,0.00093431517885834471,1.3156021087654823,0.11117422060914053,-0.34911803173489986,0.16752546240406194,0.43755304686334928,0.0026057374003250677,0.1723835320857442,0.13525128331316133,0.00095751994150554669,2.1119020108153248,0.52030968501362473,-0.8152148710213849,0.10617335657751639,0.44008456048977085,0.0025784420627951209,0.048997899391468654,0.13027238724136886,0.001046515538830977,13.228607625261786,0.78029853059010801,-0.75476514751079737,0.13165781982883568,0.45698195143475795,0.0016117092691398387,0.1536859766805386,0.21621939872900317,0.0010683551072884626,3.9156638284589746,0.098966150222864438,0.41967716584391973,0.17750641390324529,0.4356493344944144,0.0013196512422307355,0.21647209836000975,0.23885032902109979,0.0010577498719109291,2.1615621381570431,0.19272255961790033,0.80965480621691344,0.19147262850042865,0.36432128624299481,0.00093922034625568444,0.22231236243781249,0.27455590984465444,0.00080302922281052526,2.0486852415915893,0.81060354271924462,1.6682016715192711
7213529654,0.56752395332674532,0.64592065008730148,0.0032962849353398828,0.12222342154804808,0.1250972743127261,0.00069469061820101043,-3.3246158953201235,-3.2641000629407859,-3.1323300923521722,0.46352307828844547,0.49451003951221301,0.0029286745341824726,0.2075249394423633,0.25543700574137473,0.00083201366181200867,-0.89749459798111841,-0.59848946085681765,-1.6293182473604115,0.59058795392674823,0.61755260687410041,0.0033966728960812013,0.050151958933952405,0.19613862843189142,0.00022741194437126999,-7.9033704488240533,-1.9148300206744042,-0.30821618615683805,0.42928518818512623,0.45655058628328454,0.0031161515534622584,0.22084864202352356,0.25907361712099136,0.00058237131489662921,-0.56879178559059029,-0.42075059772763945,-1.8096469849053758,0.18275529960404918,0.1787358441274596,0.0026892390824125598,0.14290365999702762,0.1349675021200116,0.00070865965069297709,2.6067558124865555,3.9343774688625537,-1.7691664263837688,0.40072297732494327,0.50129699965173702,0.0028619918772349695,0.25772916796814926,0.31227916721996135,0.00080098334150721412,-0.045103682218372063,-0.21633079988316287,-2.1154472443478745,0.25185991785770068,0.2312764108406688,0.0018503897922972465,0.19210167395446082,0.18083499898597871,0.0009104774996320158,1.1633626263549137,1.6876067437291398,0.25631196715833399,0.17906555341812694,0.3430133558470998,0.0014676189908901054,0.13747686121197325,0.20146726677191301,0.00091668431296699083,3.0753150528022162,0.9033905583550067,0.74647568329004765,0.20328304926512047,0.22838439146179854,0.0020181382450040943,0.1558076529848568,0.19867098712286038,0.00092494591286866026,2.5160501514763127,2.1759193289493561,0.063947899883718934
7213532076,0.27006869545444567,0.59046338518159991,0.00045699506699967867,0.13475618077246329,0.26888414313702813,0.00042098236601965732,1.9255154012809343,-0.096889938279179716,2.1934005943031543,0.37930236576052057,0.46176117732246574,0.0020284897004753401,0.16722230721820122,0.20699927535070101,0.0012204473058748304,0.55917565593045959,0.34341756190007106,0.39183391417164198,0.48844713384877997,0.20460343153637053,0.0026392645039690697,0.30281129077256624,0.17867512005165603,0.0010667689711987727,-0.0068917640337158607,0.98413851597856494,-0.19672900213910166,0.33005243059869521,0.43110204414284958,0.00077657712996502288,0.24024903514299015,0.28563693759425762,0.00087834040879798789,0.971877158579464,0.5754637851975406,1.818531217012747,0.37599076666980635,0.35779426665334918,0.0012087391111905929,0.24437165874881078,0.26654100276548726,0.00099525950894122236,0.47740087353435823,0.71080303108037424,0.90771166528470015,0.43140085398312034,0.31167605587977265,0.0023403904085450935,0.30438050991484839,0.26682827275878468,0.0011905658790218308,0.5380743631550069,0.55424062433873389,-0.11806692724096592,0.46904407714185714,0.30705347901776514,0.00093849565253217361,0.22139850855620996,0.24284094172708068,0.00045813411216592814,-0.26537329145894228,1.169984464804896,0.8535910771495091,0.42412201298049879,0.16525199827096379,0.0023477504955695446,0.31894660793532209,0.13858717187289055,0.00097772176348288973,0.14197293743085124,1.6891862591715308,0.10884222619846955,0.55498939668621639,0.13978935119666999,0.0032393904647185544,0.33844189455455109,0.16483323863121752,0.0010367539317121571,-0.42353313196645259,1.4151856086898706,-1.7629488811421465
7418061154,0.40443941301085862,0.18087654054312141,0.0031600341508231712,0.34309252274266411,0.14578359937049018,0.00058597056033832219,0.13056323221961721,0.43742852331686738,-1.6980047259952582,0.24542880721541305,0.073697509313012916,0.0031963862078959958,0.34266319519113608,0.08437058597717037,0.00063601558319759631,1.306844223763951,2.1139273151599447,-0.92332369509512247,0.48088721540438556,0.19860082640296531,0.0015465120942613848,0.29753495011746511,0.15088646298417652,0.00090105262823045264,-0.23740380915133236,1.2439504258199643,0.77226277744434724,0.47699058014851786,0.17427280017646254,0.0028408002048732331,0.42272499726093354,0.18517524575092223,0.00098360454921619781,0.052597947441390944,1.391585382136828,-0.96518656118439272,0.45373632562798472,0.19070951849458376,0.0024848126967875225,0.41247399622537806,0.1780552201000255,0.001030708027675808,0.065120347634425049,1.3188126771945134,-0.25570223067323905,0.41029566976189152,0.2822422144367302,0.0017841841608630048,0.32333416867021031,0.21797467013476837,0.0012127201188943579,0.15655904039827684,0.98514305596713847,0.50116758788435034,0.2015774824211464,0.40309613260614113,0.0022676103444432992,0.24169292100500722,0.21820551026013976,0.0011215478078599492,1.9975639347397183,0.11991752335772536,-0.24752385684145875,0.31144505508253462,0.37399718310795516,0.0023748755917631726,0.3724028830237201,0.18087161284964015,0.0011882513026769562,0.78036881305432615,0.13023052806873275,-0.5786976343380853,0.51266450093178839,0.50780302864008309,0.00095170919868783291,0.24700499346992438,0.20635637652830002,0.0010837613761059274,-0.82104881520463935,0.070637318078205225,1.6433223865895483
880752937,0.49466721439967898,0.27656692072817335,0.0031420689446883588,0.19393302216475308,0.098925220550703061,0.00060331452723187706,-1.4501203874414244,-1.0405562922780747,-1.8051496714321627,0.58997230361158093,0.22600175809875939,0.0035933879926493416,0.054487753792331978,0.040607328180202372,0.00010999914305944617,-8.9409806270401369,-0.95381828216621001,-8.08849779630048,0.55244545762743802,0.35800843460634979,0.0029534091117962781,0.24464293411165935,0.21207463189717624,0.0010423152601568601,-0.84229576326980227,1.5050933159729585,-1.2430387979589359,0.30522804211178778,0.21006448463516164,0.002016113264032636,0.24579004152974407,0.20559992158350612,0.00083513677756448447,0.64654654672624223,1.3341988793730335,0.019029694735452175,0.25674710594701133,0.24852240706561984,0.0023764764964710606,0.29789145773232412,0.22244767561708761,0.0009149984207336262,1.2103823204831767,1.2084849556084398,-0.022358079896561495,0.19208184432545231,0.32568533005827666,0.0019581891643718672,0.30234174141770259,0.25653062886543665,0.00079920830064799352,1.916469807524372,0.88171425869673892,0.27787420227521364,0.38527621399555589,0.22442704104778974,0.0015097494915649497,0.21145184036183695,0.24176742548579089,0.00067525687734063997,0.14970378017761474,1.8679697349978917,0.35749474836471751,0.13674137206681727,0.22890044230643439,0.0021678140821580075,0.17661699501617528,0.23641774565975887,0.00093213174735777462,3.2774584904543258,1.7842804664182055,-0.5523592538319908,0.22466388081755878,0.28615232346030894,0.0012436226200316502,0.22372974653643979,0.24884223944572095,0.00072778119354578437,1.8689949994126944,1.34058112050029,-0.0087800580316252236
880823905,0.58555027395194492,0.2499541400613047,0.0036474407233487573,0.0060026471310156227,0.035444176490229962,7.4293205808661592e-005,1.7687994648448733,-1.0576746781190203,-0.4565004882743518,0.49970782212516596,0.25926751330207465,0.0035541419516695746,0.19648634968411327,0.086914543929707211,0.00042622803282818213,-1.5054905642462488,-0.80444565469264473,-2.6465082848280534,0.45185279415159246,0.32778117393545664,0.0029025616752826658,0.2656167900431583,0.20269745936938982,0.0012496474561982344,-0.35710461745746713,1.7659362552839541,-1.0888383157059887,0.35199266430558313,0.43339206531030772,0.0016481277972756933,0.21242981369595651,0.26675074196688037,0.0013300373362918048,0.61770924173669106,0.69429758029711974,0.53061735404171606,0.32009912713092503,0.15637742623698431,0.0023498970622108538,0.21096447499135526,0.15901434917299148,0.00083344406257760729,0.4693624526236097,2.1424681990261201,-0.47745006443562821,0.21222671217483868,0.20370610205674816,0.0020218704889800494,0.24349510995943388,0.20194667248909673,0.0009112202302863202,1.7936427976621636,1.6724685847264051,-0.30757836670037619,0.20823599646693042,0.316849349495471,0.0021538199019736338,0.19799994451981101,0.26417054046206528,0.0013210553618706704,1.9615716716559517,1.0063499742126456,-0.32702222574432926,0.25274506277824493,0.45091800130935894,0.0020063387438180352,0.15871759772870075,0.26344662770744126,0.0010166925671180006,2.1080060547671873,0.087287476927386518,-0.39021880276977783,0.25686548105881407,0.53273966723489263,0.0018124377668160146,0.12029237394554322,0.24944346770465448,0.00083471886113047869,2.6198759678560704,-0.36657579426769787,-0.54694463004062288
881691974,0.11499046401925647,0.6968221348575615,0.0018802273999621213,0.20264749880401287,0.30265347420785704,0.0010449412000510072,3.3160076588999576,-0.76349223563519097,0.0067399686340544052,0.15997800136470747,0.91017171414690345,0.0010091404017747228,0.29760459261505962,0.15732777850896182,0.00073264828519868576,2.0610877768206759,-2.4869767628831889,0.18280485732496241,0.12114785793569334,0.47293021722879419,0.0026037371421827786,0.1525675113930898,0.26763855767434958,0.0009056510926799767,4.3443775087934347,0.66576646276766294,-1.2417319397152982,0.13021315593813723,0.50546202093240766,0.0022416085573626668,0.15471540108914528,0.26342711167260047,0.00086366192095584701,4.20021003411743,-0.19279527431206558,-0.75965798531727069,0.13249286347778516,0.72538315728794789,0.0013931645423584259,0.21665263276976821,0.24362993804767394,0.0010591792150843463,3.0364882153311901,-0.9008263937060188,0.52584725186508052,0.11358899034043661,0.37601858992383314,0.002495726253232989,0.06587516354568676,0.2007964585431023,0.00085403285807187951,9.0525108201843754,1.0946708260815168,-1.6779887109101665,0.080412328337922959,0.84103626980035262,0.00075144268110047469,0.17054271760848499,0.17370916861118021,0.00058800377428458233,4.6957766389290985,-2.0389865625480397,1.5824897649217806,0.079457763248646937,0.82421856112939962,0.00079538175274938957,0.1730993686055205,0.18625209974164353,0.00064739461013509504,4.5944483779197247,-1.5208426450602708,1.9786007616661061,0.089523433439713668,0.84332365203974169,0.00078234041541155506,0.18917644896230068,0.17779132779110049,0.00070362244986142599,4.1882364343844776,-1.4555079007531695,1.4965029651827688
881713710,0.11499046401925647,0.6968221348575615,0.0018802273999621213,0.20264749880401287,0.30265347420785704,0.0010449412000510072,3.3160076588999576,-0.76349223563519097,0.0067399686340544052,0.15997800136470747,0.91017171414690345,0.0010091404017747228,0.29760459261505962,0.15732777850896182,0.00073264828519868576,2.0610877768206759,-2.4869767628831889,0.18280485732496241,0.12114785793569334,0.47293021722879419,0.0026037371421827786,0.1525675113930898,0.26763855767434958,0.0009056510926799767,4.3443775087934347,0.66576646276766294,-1.2417319397152982,0.13021315593813723,0.50546202093240766,0.0022416085573626668,0.15471540108914528,0.26342711167260047,0.00086366192095584701,4.20021003411743,-0.19279527431206558,-0.75965798531727069,0.13249286347778516,0.72538315728794789,0.0013931645423584259,0.21665263276976821,0.24362993804767394,0.0010591792150843463,3.0364882153311901,-0.9008263937060188,0.52584725186508052,0.11358899034043661,0.37601858992383314,0.002495726253232989,0.06587516354568676,0.2007964585431023,0.00085403285807187951,9.0525108201843754,1.0946708260815168,-1.6779887109101665,0.080412328337922959,0.84103626980035262,0.00075144268110047469,0.17054271760848499,0.17370916861118021,0.00058800377428458233,4.6957766389290985,-2.0389865625480397,1.5824897649217806,0.079457763248646937,0.82421856112939962,0.00079538175274938957,0.1730993686055205,0.18625209974164353,0.00064739461013509504,4.5944483779197247,-1.5208426450602708,1.9786007616661061,0.089523433439713668,0.84332365203974169,0.00078234041541155506,0.18917644896230068,0.17779132779110049,0.00070362244986142599,4.1882364343844776,-1.4555079007531695,1.4965029651827688
884811215,0.074234711657845287,0.93094938346303746,0.0021632476565417833,0.1792129313188659,0.12102890678180152,0.0010550237992807837,4.4645601659525527,-2.4607218369969246,-0.74017703127012968,0.095453581139423982,0.92175966653008246,0.0018907193488085776,0.21480654381509554,0.12589407735479488,0.0010772525528912663,3.5476956055024442,-2.3285900487872606,-0.34476658471080951,0.068018874461199183,0.84645622140953802,0.0025221912853368666,0.13183916110274282,0.25687692758855218,0.0010561902839765845,5.8887830869898012,-1.9373918611128917,-0.92332879730063966,0.10550817324543876,0.61967119203171017,0.0026546069506733871,0.12762819173596601,0.32302781340539338,0.0010308885278623157,5.3833421447730938,-0.30746854055172923,-0.79234804806662573,0.12474670908334778,0.7601131771477867,0.0020826515918183444,0.20221319371188681,0.2450485889052989,0.0011877253468800958,3.4419362384166559,-1.0673470031363166,-0.19494684579745103,0.10561886898706078,0.47560207807294352,0.0030886390701719475,0.098500632930937346,0.29669835873620204,0.00079169931301428776,6.8154571903628645,0.57881958129962485,-1.6959278927180415,0.063646913269484268,0.87239878830715312,0.0018648197175827701,0.07042992666546681,0.1266213753657234,0.00078680351085525044,10.925117643786887,-1.9786229153430359,0.089297376912879603,0.038736358100527966,0.9595642104262827,0.0012938288960169118,0.058906501702953494,0.0813693972606193,0.00051028722410742424,15.044291085810952,-4.1028704212545897,1.3205223858933688,0.045092472390590152,0.96167132260008592,0.0013382942175837226,0.097953656809725093,0.083171267298235818,0.00054648418065133403,9.2920356327791804,-4.5495986094443905,1.6007733993118909
884825025,0.11649619108072688,0.58829371431849486,0.0018338955436623396,0.061120804105132168,0.18627115191634416,0.00041142392957746557,6.1644098069949953,0.38370226244204342,-0.85624279266861059,0.10319670715835351,0.72918878288630562,0.0018611507133242395,0.092326237204588171,0.18223568723252589,0.00071147970740521903,4.9999718703745577,-0.7974852058091606,0.054103484787159664,0.11832295559854185,0.6004322570594437,0.0018966626679300413,0.065855587984395808,0.19632457406085205,0.00050342186133105888,5.388460704794416,0.16065086489127314,-0.68773040288527698,0.11627310489711717,0.60184030858054871,0.0020620729319847176,0.092688312830161448,0.19874857181657954,0.00053448211405186211,4.861518872536112,-0.62992000824945338,-0.46746411487083106,0.16370175063102912,0.42773762414771577,0.0028546795426546917,0.15143358192224587,0.22061252118325314,0.00093374831480618121,1.9556383760076399,0.72303205956490013,-0.76301641846437573,0.11993546337084153,0.57654284384773546,0.0023628341664732782,0.094432579045859624,0.20470990439228912,0.0006203987395860997,4.3408499582759701,-0.33916964881418182,-0.11600879111478173,0.10543179581139044,0.8140582576949088,0.00055122162054311924,0.20597266122459679,0.24059697834426783,0.00058222384758254537,3.4758646741336281,-2.0289145663114105,1.1454717138521795,0.077257780957408817,0.80427765565832177,0.0011790042146516781,0.12370397681766837,0.13724784801602391,0.00079819475363353276,6.3091499927717614,-1.5621579297637436,0.4933822290295316,0.097550070567155131,0.83609028998933677,0.00080489645295607601,0.18474295429444229,0.16604928127248622,0.00068889092730600005,3.9784067964854453,-2.5929430481441362,1.7489735848733443
884841509,0.09737863969299651,0.86989921834160644,0.00088156521877509673,0.19554969842883241,0.16748251771701539,0.0006072926898514719,3.6824114788239806,-2.5425968642273458,0.58148803841721952,0.096317687699393126,0.83330399571462033,0.0011162889526947282,0.1851784417660598,0.21128640766253495,0.0010957258625104301,3.9007617267991854,-2.2824135963828058,0.61646303017190018,0.094662556506563356,0.89427269297459699,0.00088991860998427648,0.19251525527271493,0.14707312408359552,0.00058964776688529832,3.8129300458793027,-2.9628729937062381,0.25108648806352712,0.10161436291879544,0.85320130504454306,0.0011138595593538638,0.17861543156989576,0.16319913194482805,0.00088176965007613585,4.0509504966009215,-2.4305867501307277,0.97698998927721226,0.10275596789746666,0.63273230677915082,0.0028461181937485874,0.083238158110607988,0.24482383342294886,0.00080211727608851455,7.5402786828340593,-0.51612143883657491,-0.81151746553826376,0.09663439314197951,0.86460933831975162,0.00095904496876732888,0.18179518409476508,0.15433743129727565,0.0007126588963566429,4.0792593062533937,-2.5973418247370286,0.75250321958421418,0.1076419095718851,0.81815940303705281,0.00077099833143180166,0.17798757366276124,0.20811130990812812,0.00086077720255608016,3.7941544383367516,-1.9031820982007448,1.1514317329143975,0.077499800692964319,0.76743361808371691,0.002043075564174858,0.068266234387398678,0.18205858420305041,0.0011276158788976365,9.159849652667754,-0.65908458343344178,-0.41817727941746358,0.10446373700697217,0.80615307683012294,0.00099539231333935132,0.16622893278101325,0.20810454970135214,0.0009180585649051536,4.0913651532677884,-1.3437162213460287,0.8287935825923255
884928031,0.14611073990629961,0.61639543791742291,0.0022146442234042621,0.18016636293209101,0.23096111326442836,0.00078455930729644913,2.4181768096498386,-1.4493217038926525,0.88661152046244907,0.094814099750337583,0.66587427916964559,0.0027029121170518621,0.067932237362669651,0.2124308195373858,0.00064518721748151118,9.4517768303966871,-0.45627948272205016,-0.88061624995587917,0.085715257820844465,0.62407721133814564,0.0020543240926135242,0.023481983675278935,0.17520341449885066,0.00038180122894392531,22.730822145984796,0.056037558686832779,-1.3023033404727895,0.17124824694769927,0.7404058542541464,0.0017687483460943859,0.26030229349133999,0.25259209082681838,0.0011460713643995778,2.1154974707583913,-1.2212827657547654,0.33483210450039369,0.096448818095206529,0.7033593165024592,0.0027100558961308187,0.098734153299690708,0.22154983761613536,0.00087980129111066968,7.5387008550728805,-0.4175454146275604,-1.1595802943240674,0.085185003165859016,0.69020008569900426,0.0018504223333549092,0.11863706728601514,0.28325291758074289,0.00078292068787537395,5.9563985081489097,-0.58732160495015429,-0.13941807885071864,0.12929457673114705,0.84451477460182045,0.00075248501185571867,0.23050324359041374,0.23756967221540212,0.00067377592625144831,2.7764021776313514,-1.8629798149546994,0.78825363957175254,0.08016093628795401,0.77963202293434619,0.0016723861389025781,0.09577565698931037,0.18068887161977118,0.00067277623274240297,7.1306681209841898,-1.1379103804272708,-0.11445725098627003,0.08970999634680947,0.86985536516695972,0.0011216851752829417,0.14537801910515577,0.19150745801775379,0.00077283134200589547,4.8526317738529983,-1.9483908023076599,0.046380124112537599
884936141,0.093937151547490702,0.52656127586714419,0.0017877797803239604,0.079804531678606266,0.19849349020078691,0.00050189497967046987,6.6393073179381448,0.23611797374033414,0.2778569486860169,0.10253999493137105,0.6038966984508477,0.0021386628874296622,0.084723597695552003,0.2129539384774069,0.00081482577021224905,8.0478292504932423,0.0037900633173514834,-0.321795650080893,0.085337719692869643,0.64729425163763832,0.0017974739648021611,0.021683450074169663,0.081056981761825631,0.00029455274468163982,28.543028565930541,0.67424151670445986,-1.0098017288094085,0.11757557801891567,0.77377163552581674,0.001558735986339583,0.19496462855614857,0.2051940022905176,0.00095021640953071428,3.3953386219238317,-1.2817243695817566,0.43071251895693813,0.087246397327706643,0.74568928181121252,0.0025679877395463806,0.058663290421547352,0.20881869925218291,0.00075355803490822549,11.048814201882495,-0.76423040820769905,-0.64286745739099949,0.082457763350414867,0.7344491735735893,0.0015306215293722416,0.11638242961054622,0.20779242968553435,0.00074322301932351132,6.4075142432601195,-0.53080649273189018,0.41892359348228941,0.083629803931272312,0.84673405695313664,0.00073331273586070425,0.13198286309275714,0.17981696024893593,0.00051144001619137858,5.6444010642426896,-1.739215087646204,0.59284876500453532,0.078746996491067145,0.76468408394908516,0.0015017138841227969,0.056822644366777919,0.13255695556768007,0.00045822550769759115,9.4646855709718043,-1.6211539876603533,-0.44678587136460901,0.076159384409246883,0.83327667771626046,0.0010151976145980873,0.10378981852611179,0.17642044505914797,0.00052706583322580905,7.0783836604021282,-1.4866660811825039,0.01834156104031387
884944339,0.091852622545970139,0.57543616387367602,0.0019465562446886213,0.081339071953587971,0.19068349677043953,0.00050854539191926788,6.4645296712800429,-0.032029111522857187,0.20418118760950948,0.099905423720271821,0.64580525700254987,0.0023051495486593634,0.083453628751225223,0.2225952449926264,0.00083851684079311924,8.2492683087962675,-0.15069348106006397,-0.63029842894913468,0.085273105592644893,0.66676722856902149,0.0018695117313434677,0.01979875983781541,0.086162295865704217,0.00034745578630715403,25.208812333699925,0.78305105481348758,-1.3914054583064348,0.1217630891960714,0.79538404535273766,0.0015980196529175664,0.2044155165893719,0.20871813793643354,0.00097233131612463927,3.2505869318498495,-1.404570216827024,0.32329037181855586,0.091135783173617438,0.72457887511875918,0.0025366700222090501,0.072018738211171857,0.21586568326810049,0.0008486435301659392,8.1631816932487986,-0.67401329165494772,-0.71554169061592465,0.079739625426636693,0.77283260527185504,0.0016283311397354871,0.11700551761323215,0.20897270937088852,0.00075735351387209602,6.5507754025849723,-0.75273140644481706,0.33303051326765903,0.096693787023670139,0.83408645758762801,0.00072971593207388729,0.15810339582452151,0.20060252226921951,0.00052686602227521679,4.5058126991183824,-1.5888068257624239,0.60268879091060612,0.075663326666418562,0.79001833320784054,0.0016864286222195118,0.040157484104672674,0.10754472700375402,0.00047558682892274485,16.267215119483073,-0.91540259223686038,-0.3628880739448706,0.083284735095272761,0.81339145724655826,0.0011097436240055754,0.11283894083063579,0.17962896496863792,0.00055262800436562439,6.4994394097808037,-1.2890700347651873,-0.0091876715622823714
884954791,0.10299647463694078,0.63937312648128009,6.5775646745269196e-005,0.10128510619253098,0.39054370250659975,5.0565663091540438e-005,4.6975889749989301,-0.78442295634909009,0.59581993509392628,0.090335955419699965,0.49990213641415115,7.2571643269777174e-005,0.13043169129402163,0.41867948678197742,8.5797278634376509e-005,4.0773340203726347,-0.18649865930813309,1.6220165065801577,0.071868154676622192,0.48928274679615208,3.34125479284715e-005,0.1020376190754524,0.45156093226626987,3.2162747449250979e-005,4.9503850760193204,-0.051256898684775745,0.79547432190617773,0.16597023842954436,0.71357235345949599,0.00043301368608237819,0.17471640052842469,0.24653769666247782,0.00090416959829196352,3.3612834427166431,-0.94908695390013742,2.7914802665950833,0.26740815753146657,0.60953556821114896,0.001164048547902427,0.26636370048366398,0.34161350938736035,0.0013438739247114734,1.2911152236099113,-0.45576005887067328,0.99094059492273845,0.12562668727822873,0.58541531124419033,0.00035070616510414688,0.18160174711168051,0.42084700635322658,0.00077924959440243123,3.0537354963573202,-0.4163061025256129,2.9980514270147789,0.091629141874047165,0.42381547457653351,0.00023006680348649591,0.154474639317946,0.42460608021466489,0.00074109401621290068,3.706246811915725,0.21425060736301532,4.0066376245824467,0.12763705651485804,0.41005581596462992,0.00039220465742359663,0.21865811508024377,0.43835423256578948,0.00098512552305391301,2.4676648552182114,0.32371325059408096,2.6763985907366385,0.076344688836085223,0.39436396503508242,0.00017214982218217011,0.15354318665769162,0.46250558530151276,0.00061292622120437444,4.0211306291562874,0.41306448838928755,4.5928318943886044
884960959,0.13697227984331575,0.38813904537489202,0.0030084340065952052,0.026547593066879021,0.14462367356661193,0.0004348814055847744,19.529559395402757,1.1772252891739463,-2.4647350100950582,0.11360786417983916,0.48697260661126068,0.0022872621359905313,0.063963459590892405,0.23430543648308613,0.00088214801360218407,8.6573159373296775,0.32301133601586102,-0.025853497755452794,0.12449070439072611,0.44834212991162031,0.0025881337050030068,0.092905224729124838,0.30035292789165874,0.0010351313298847676,6.7261970478038524,0.6570219758480208,-1.5093493826093376,0.13117171244934958,0.5284460355331132,0.0025221658626355466,0.076811579712371472,0.19889314769589231,0.00064186568411138357,8.2450900250672081,0.23260516354335919,-1.8631603167238666,0.11751617400528935,0.70018855262003687,0.0017396607081193148,0.15916676600928448,0.24005113507421105,0.00096313179879448487,3.99446452824797,-0.76193144778596267,0.10174535059231761,0.13513784870876422,0.44344866746896228,0.0026036812122397159,0.10735940247310427,0.29345122914698268,0.00094224921948234455,5.174827362323998,0.49283993835324702,-1.291086951461198,0.058539530196493245,0.92673817567516181,0.0009781872459747095,0.0921266378012075,0.10414519732736691,0.00055665814824037605,9.0647230840342896,-1.8561034067982634,1.5912707746086132,0.086547989675308037,0.86122590228394402,0.0012544862487718503,0.13836490266542395,0.18087930018691958,0.00068538428093858331,4.466696015536014,-2.1264924289892204,0.61270486750695297,0.09764276276912158,0.77499357940473812,0.0011658810162155783,0.1436408072303158,0.23124492820030554,0.0006638215959595586,4.585554162290995,-1.2988496040700308,0.98741088962640333
884977003,0.14089396409780955,0.74254087275763658,0.0017139705599526571,0.22720472043654324,0.26531734452995054,0.0012389945260585079,2.8804123108315784,-0.81839925985805284,-0.022306960693053515,0.12663358883515588,0.8615818152022453,0.0016621346888107391,0.23824948873474769,0.17127758023585976,0.0011733220902783738,2.899997456099729,-1.8064694667535262,0.13400067075802286,0.10735680836562538,0.71573365543868483,0.0023001397511316891,0.16322279023094313,0.22968136132434389,0.0010618304340857167,4.4992915727122016,-0.35382777698204498,-0.90186796380697698,0.11922089374901251,0.69176362146931847,0.0021275440147678613,0.16699844324709598,0.26091622237462703,0.0011318235656205518,4.1225305248058213,-0.61528456440206503,-0.47813692722048923,0.10562164116327188,0.75301967807216852,0.0020889248976031565,0.16816925922881107,0.23428931849697726,0.0011233551832254337,4.3503005326847237,-1.0503228068898742,-0.12354448984769252,0.096978009160941334,0.64633879778616032,0.0025664222095973621,0.11463809175426383,0.2876248238798082,0.00097743307743504773,6.0768270944578928,-0.30149594994320394,-0.76050665456260813,0.13186606935346484,0.69300516231026577,0.0013731492495866597,0.17265107243360081,0.28344601308944689,0.0010661555982925447,3.3900870544324735,-0.59594020258627212,0.57098429059871925,0.098952825913115397,0.82337377392531219,0.0014726847183608094,0.18804906770327065,0.23071892242885966,0.0010879868113930489,3.9703495116117411,-1.40385857480952,0.85757402814827954,0.10939864874922575,0.83662248862924338,0.00097415723935699323,0.19962358279565834,0.20347787213929316,0.00085730248692492822,3.4757374798390934,-1.4543981869098486,1.4494006326412465
885006977,0.10743602310709102,0.82407966784427489,0.00082994950822708625,0.22636835179334128,0.24182155220854487,0.00052820572346946643,3.0247622352584673,-1.7379383218663005,-0.079856704962883468,0.12115307558055899,0.77920977604194186,0.00048478193283862193,0.22281710351045617,0.22394889700008383,0.00035066477625307385,3.0076387724379363,-1.1907849422991266,0.54329525657172617,0.1070250786916675,0.87245122873453773,0.00076325661041703379,0.22745773375258868,0.20657936230700816,0.00051950280276461067,2.9776417680477016,-2.222355796813714,-0.055241474433346975,0.1703511722309739,0.56848641010535683,0.0014891021904377512,0.23412472636416221,0.25155743339489123,0.00084005229224248866,2.4324910968481235,-0.26515724510947947,0.69772589209131031,0.18301653284749356,0.59597443499323488,0.0010204301149896247,0.26243024719833397,0.25638692606463653,0.0008707563242193111,1.9752650893975578,-0.49132637412354374,1.7757481348150099,0.1100663791184535,0.70459633330555071,0.001172027208493572,0.17386739070049922,0.22548071955337753,0.00077299996925057457,3.9313740637466528,-1.0156685281769047,1.15862048605396,0.40001248633776176,0.51613347808251442,0.00086399050533286911,0.33848360109972775,0.29475724318274027,0.0010239029845981506,0.12530958140571555,0.1221100928777898,1.5146901726784234,0.49780735723219594,0.32533129106674452,0.0018694496999524994,0.27926714746386389,0.25322891704773154,0.0013993052476496087,-0.50590117261066592,0.91593192636802467,0.29037631255158414,0.20757623743216833,0.62585423067899781,0.00043012210803107054,0.30489616550532639,0.29712475855702553,0.00067944382440521126,1.4790350590717367,-0.51036225762118725,3.3681253381652159
885643090,0.11499046401925647,0.6968221348575615,0.0018802273999621213,0.20264749880401287,0.30265347420785704,0.0010449412000510072,3.3160076588999576,-0.76349223563519097,0.0067399686340544052,0.15997800136470747,0.91017171414690345,0.0010091404017747228,0.29760459261505962,0.15732777850896182,0.00073264828519868576,2.0610877768206759,-2.4869767628831889,0.18280485732496241,0.12114785793569334,0.47293021722879419,0.0026037371421827786,0.1525675113930898,0.26763855767434958,0.0009056510926799767,4.3443775087934347,0.66576646276766294,-1.2417319397152982,0.13021315593813723,0.50546202093240766,0.0022416085573626668,0.15471540108914528,0.26342711167260047,0.00086366192095584701,4.20021003411743,-0.19279527431206558,-0.75965798531727069,0.13249286347778516,0.72538315728794789,0.0013931645423584259,0.21665263276976821,0.24362993804767394,0.0010591792150843463,3.0364882153311901,-0.9008263937060188,0.52584725186508052,0.11358899034043661,0.37601858992383314,0.002495726253232989,0.06587516354568676,0.2007964585431023,0.00085403285807187951,9.0525108201843754,1.0946708260815168,-1.6779887109101665,0.080412328337922959,0.84103626980035262,0.00075144268110047469,0.17054271760848499,0.17370916861118021,0.00058800377428458233,4.6957766389290985,-2.0389865625480397,1.5824897649217806,0.079457763248646937,0.82421856112939962,0.00079538175274938957,0.1730993686055205,0.18625209974164353,0.00064739461013509504,4.5944483779197247,-1.5208426450602708,1.9786007616661061,0.089523433439713668,0.84332365203974169,0.00078234041541155506,0.18917644896230068,0.17779132779110049,0.00070362244986142599,4.1882364343844776,-1.4555079007531695,1.4965029651827688
885651098,0.13252972303295085,0.68135465246149318,0.0018503658949582014,0.21311151222879893,0.29512176539672075,0.0010674271370367363,3.048756664869146,-0.84322093556827582,0.17319778286929841,0.19162081203797077,0.9057420613013899,0.00077319993736858121,0.3232227593579452,0.16572794714104122,0.00061543042546896944,1.7117608900444805,-2.5793079292494987,0.51425758079229433,0.11726467216080538,0.54241431713171984,0.0024159315120562607,0.15216353695830592,0.254074012351657,0.00092520836585266919,4.4077766429534107,0.15523032362179975,-0.80052039271865272,0.11374275121344785,0.58466803168778447,0.0019415403457126775,0.1336662934970867,0.25062733089003214,0.00083961877541527765,5.1855112421047789,-0.5389642221044626,-0.51178822793791057,0.1310528588209873,0.75851005540975736,0.0011682819361308397,0.22116293918615398,0.22700350221540777,0.00099313218242394648,2.9781770966362826,-1.2449391077937382,0.90924442517133541,0.10895532312081123,0.49470049768400326,0.002172898622427844,0.071512106639298759,0.1911072495546362,0.00085231225883217166,8.7219140796827475,0.66484121692965037,-1.31199142171544,0.081098634493094235,0.87460095436225638,0.00050051248352514055,0.1806528211061072,0.15370020735505069,0.00038135203861661127,4.369243462482828,-2.7546393900837947,1.5430649352698251,0.069031921052440021,0.89079805789851174,0.00050841996055259902,0.16723473085258139,0.11529421934738607,0.0004574424645981268,5.0184567019104174,-1.7945505251411209,3.0617186560597447,0.091824576685687997,0.89173384386321819,0.0004825015165277014,0.21321141636536589,0.11864247188567664,0.00044942692318451267,3.7136410866954144,-1.6049320338922783,2.5820931244417249
885664794,0.13336866569218767,0.66621914769698753,0.00051802262330602857,0.10259167405237246,0.14173200470692243,0.00027895883745238239,4.6890623867692147,-0.19501117804760656,0.57046744490144186,0.15097390492061752,0.60388892235099256,0.0010563823907827528,0.11233493282255304,0.1725113462996784,0.00079041063339527564,4.1694844375170632,-0.81711016253012514,1.9543559783517455,0.12492945696477285,0.55023936408052188,0.00053429620289326607,0.020446876358787076,0.066346015834306618,0.00023580953565606707,14.87337223230818,1.490336003703991,0.038930408815369931,0.13820320583385864,0.55226673343118005,0.000633220509927207,0.024351036437967793,0.076996025443987801,0.00023453792876704767,2.9162085209589521,-0.29006584542579494,8.5499424852863619,0.23243292761692813,0.44032864201050942,0.002067265772962274,0.22632975657634621,0.28623856318665325,0.0012440497053535571,2.0384033731533635,0.34071433200190016,0.11953238583675159,0.13426288864300254,0.47548520411158296,0.00078355511208199409,0.022182465483218686,0.082861347394567741,0.00028750668119174671,7.1561712402186037,0.50111483234953724,-0.2910662375370569,0.17705312029006443,0.42994565070442359,0.00054216300359876052,0.081532244135026161,0.19310250380562502,0.00029469086734815588,4.0735474300215673,1.5266593702711921,2.6803435720569166,0.16308683127936971,0.49463904077098553,0.00047265682965733031,0.11682164875847145,0.28237270804576686,0.00044006851640386124,3.5539397258505985,0.48301970475100214,2.8949684242558815,0.11923442114536141,0.6024323651892709,0.00060414914248073989,0.075171185765845888,0.18944394726860944,0.00030521420602860281,7.1817698027817221,-0.079099149609062738,-0.17270395675905426
885676290,0.08537252342181649,0.68634501946058579,0.00035092174961166281,0.13320882350167992,0.19875054924575686,0.00069054437975675281,5.4207137495164197,-0.8170690236462691,4.1743603556589006,0.10018055027417469,0.58615881617489296,0.00028554930690978623,0.12899471128195103,0.19248734642459667,0.00022288573830838668,4.6170042989138977,-0.51193619289114467,3.5603650663407391,0.085985669401043879,0.62884285319041089,0.00033241046385172547,0.12392664782532752,0.2004647061656345,0.0006620021509791288,5.832621265891218,-0.37747831673608107,4.8820967174184027,0.086242242210027006,0.58452514142199907,0.0002670649692132251,0.12966311928175145,0.2588215832373249,0.00041462919561348376,5.4526490123581342,-0.56809013515548645,3.6683708430786881,0.19589877521710466,0.40502827093908544,0.0010506027938580118,0.24893092612875473,0.24913967385498101,0.0013448233579882903,1.8647137574481489,0.15344280849229083,1.3563455742891202,0.099628190955337342,0.48660874025707773,0.00025847667224362941,0.16743610731147274,0.28548969611766917,0.00035565271484796162,3.8221532254498753,-0.15666088434715342,6.5020555409004244,0.042838284480560644,0.21338234857716062,2.8607148919552344e-005,0.14829293230621868,0.37355341789057467,0.00011857708271509018,4.9911082860114355,1.2942212994735405,21.468149157812185,0.084599712421588716,0.33404795987936836,0.00010409172530984946,0.17192610781031734,0.36483020804817973,0.00019168866204925293,2.8510492196447874,0.47208262880120577,4.1383175487655448,0.10187779691198902,0.26350172171469932,6.8187752649217164e-005,0.24042206549845108,0.36650981298033469,0.00018568981730965098,2.7783169644794818,0.93461303439325694,11.122277816693972
885682270,0.11703801333743188,0.87841123861305626,0.00098619692226157153,0.23002973840875432,0.15625137239067716,0.00068718023537803089,3.021946273177909,-2.2099130442974659,0.51530929856883223,0.10382091085775452,0.84731530895355278,0.0010365867501506095,0.20494713954684754,0.19861855347774482,0.0010814267306511298,3.5124640146989856,-2.4395749841883068,0.92435104662150436,0.10679675713293767,0.90020258036462719,0.00099216108799801326,0.21849145773533271,0.14505191075300611,0.00066209149374624708,3.3014490356264021,-3.0255746012608564,0.26202798288371232,0.1136440253061711,0.85435326065071704,0.0012986149737727519,0.19795997051012876,0.15558469540831257,0.00088653862713111231,3.5697043119279561,-2.2349715261654368,0.64006252655321727,0.10744036716930151,0.64779385700767456,0.0028123853197831554,0.10850241290684279,0.26391250612980216,0.00085493079033359973,5.929708318972347,-0.64226341285030375,-0.78700129101327054,0.096347101634564336,0.86420273532370884,0.0011894015910491962,0.1757999489609616,0.14632726086516187,0.00075565673298986428,4.2212397472973473,-2.2920564797650624,0.3735394867488302,0.13078965537092938,0.82265916047001708,0.00088512846459613207,0.22052126099345329,0.19544178814529101,0.00096076299363307479,2.9197140526170755,-1.7140097070268456,1.0127219429896781,0.083916269957327511,0.7209741512482204,0.0025286913616178377,0.083466686429030032,0.20065045038773668,0.0010164444302537691,8.2282486336340099,-0.38541969235578516,-1.0833104328924965,0.10737545021028545,0.8415075043151089,0.0011198496562457082,0.19327886163999566,0.18552925085664954,0.00099406340347109345,3.5958256318789772,-1.9129165687706282,0.72969900661141274
885795432,0.10762167187122396,0.66510464189460061,0.00013441388966239118,0.094907155090840509,0.33214674077151657,0.00037458672372263525,5.5936525090773914,-1.046446112559706,7.1185396602702795,0.18807150317653279,0.68250190413379375,0.00063626716645653946,0.21257086253518689,0.30772116408036559,0.0010585497316496703,2.4259726444156029,-0.91517839917282862,2.0571928488358102,0.05881346283552738,0.44821364804709285,6.0375864978786233e-005,0.10865540752314107,0.48475069712281027,0.00023103510378598863,5.3655216646285533,0.18908412698793056,9.7255382970824407,0.18503469542835654,0.6668678945804779,0.00054915577183155251,0.19224292396097473,0.25855204677100657,0.0010515901246088278,2.8804672936381475,-0.93825457293991199,2.2846424642941949,0.28653145982020917,0.59280366249064154,0.0011308536182973168,0.27590263804653037,0.33800679409172835,0.0013680124922880038,1.1559788855835711,-0.26741005346507757,0.9686715394444918,0.13029202803367862,0.76647128890933325,0.00029804914070874353,0.16545451932412872,0.37397471124865689,0.00074632886984168749,3.5852054130219884,-1.2559614166149899,3.2936158334772769,0.074026706754174471,0.50395373789661801,3.6565471349729091e-005,0.083743729201061476,0.42205693785612269,3.0589774472745438e-005,5.145510044144574,-0.15066376785509777,0.26012205929632443,0.076528484941998431,0.54499174341716583,3.6660552252769215e-005,0.075848506819021333,0.42061144196519384,2.9416018474218209e-005,4.8312795388594294,-0.33096653544485133,0.061540557958061938,0.023111412344698174,0.15875235765138559,1.2131204629541574e-005,0.066186701340289852,0.36025775351528699,1.3304178776195584e-005,6.5815098082167305,1.8522148892389874,1.8916669519219702
885828960,0.099178255515857947,0.75329781361293924,0.001285103316459989,0.17299506514132537,0.23739507181099501,0.00065069556501782069,3.9837241620898531,-0.57423463236018135,0.13563706632590508,0.084410114649938542,0.83973032221871591,0.00069916648877131713,0.16489876986099314,0.16033266239553554,0.00039850034607547078,4.6499474096150584,-1.3796266418641785,0.28744912479146106,0.10613989254092085,0.73776283358792727,0.0013616902211808113,0.18079685982547902,0.25752019683626559,0.00081527637788906474,3.7460498979079393,-0.84846541323417179,0.31558426734401163,0.11956004555519351,0.56759946141178974,0.0021521709855642141,0.14071471771622221,0.24062991871569983,0.00085358303402046634,4.558306882292829,-0.2065372306377681,-0.15571298003277426,0.10286570104724163,0.79819260198004915,0.0010686274891144034,0.16696225846325696,0.15484884558855241,0.00061653555645230316,4.3270339603137753,-0.89793279044894192,0.058274022213262361,0.094402645053153378,0.64699008395730184,0.001946659460856189,0.11489499204578589,0.21182987169553905,0.00070428356015614162,6.6368648453767758,-0.07265988006234804,-0.32047028589301974,0.13730432520796162,0.69907404192840128,0.00085780872127287188,0.22846364309686548,0.25204321949029407,0.00087040782661653143,2.6525203247269169,-0.74333526533475447,1.6338025832883236,0.25073321900752998,0.64135086731008562,0.00089712645427052825,0.31993406983995448,0.2834171794331295,0.0010296534873917224,1.1780581835502684,-0.51992854152762835,1.6602790730107491,0.11107246808751157,0.73618643442782106,0.00081545958536634062,0.19751473050929044,0.22622538578163609,0.00081197885213299154,3.4534994226952511,-0.95503996040637551,1.5476578903702503
885836516,0.10399828900542216,0.70722255361578912,0.0018022447889373349,0.17032761836581831,0.262052331194157,0.00077712589871289798,3.9973306991740558,-0.41119638996324925,-0.60489977891915048,0.09435187218100699,0.83386868216667442,0.001112335214181058,0.1799726491855633,0.16190463160854604,0.00057719604493035401,4.1373029934622023,-1.1359383230602056,0.059304497039380878,0.11153698693666624,0.70867058188326326,0.0018013453337635762,0.18378045006076757,0.27511399319223945,0.00089273457889066745,3.5911628211864883,-0.46553963629479889,-0.38565342812423803,0.12422641467616534,0.46167763597848804,0.0025635860530349571,0.13089450537257905,0.24546852825585846,0.00081564457362980037,4.7901047824861545,0.3685596557202015,-0.88767532508609615,0.10938685789270229,0.74195236415910526,0.0014793958030628626,0.16974487529310622,0.17893370809591563,0.00082208640009626599,4.2447026096464073,-0.50364336499230944,-0.033620478245487945,0.10203222178507976,0.55102179110625638,0.0023902632274124748,0.11542748553115445,0.25132355219090979,0.00072107847294021346,6.390000280315836,0.33364943448269241,-1.0182161457417744,0.12350724497677092,0.7055189691478031,0.0010543841664568568,0.21248153334367911,0.27144541735109851,0.00091039133734525371,3.082521829136827,-0.82798369430535956,1.3311840158349189,0.21379280469980114,0.63080229972318658,0.0009440323551668647,0.28961077774089738,0.28471913677044841,0.00092329214597574531,1.4668575612565167,-0.49726182517086021,1.6081637637430681,0.098108106715864757,0.72859482126484354,0.0010645049438637194,0.17263664283873362,0.23828121393825574,0.0008916543944848329,4.1577780090320813,-0.92690414057597104,1.1478393654858603
885844460,0.095787930358547976,0.86263896540437424,0.0012228553237539318,0.20335946936245355,0.18973887248791088,0.00072043821950865247,3.4461920372802495,-1.5755962121105833,-0.38763309136932506,0.11875662813007659,0.82517514586087992,0.00074883990493626812,0.22266942511887361,0.18371500947581118,0.00050904803665739382,3.1162860192734567,-1.2738568470904981,0.3900062885384758,0.098135926958334965,0.89613625890808735,0.0010864355829550698,0.21471640174336673,0.1661988527133125,0.00068041419394706593,3.2526946025307217,-2.2526941947872956,-0.25832967957156527,0.12442137469441532,0.62791171656149591,0.0019128625216833497,0.16576546368612374,0.23458510708077587,0.00090028839398675594,3.8679905576937359,-0.60571942641233523,0.10273038276485842,0.14051053036943642,0.67925971998624024,0.0012889518049902183,0.22460615158097028,0.23614248671388649,0.00088774801013364311,2.872903352052727,-0.87007651957315235,0.79635788694901488,0.10540765517070885,0.76443001420736711,0.0014743646504659831,0.17295077184750826,0.21815249255918434,0.00085101570704343942,4.0984735943591106,-1.6430777304413655,0.60600470787632699,0.21116903693776862,0.6423468038371396,0.00059365007527788845,0.30979392185219579,0.28368255199051184,0.000672840784905063,1.4824773072600115,-0.56890050919757962,2.7713918003572076,0.36211711500367699,0.38640109476114415,0.0015663226288762,0.31007133873245674,0.27701635215713383,0.0011779536683499598,0.39965728074481066,0.598825176440828,0.68066578888662466,0.16431488368786948,0.70929675425223637,0.00048620255339001836,0.27616101747180977,0.26799803891085211,0.00056366474566145138,2.0277801211910491,-0.97538061577043644,3.4340044958954365
885862022,0.30091294177905742,0.34936423431441099,0.0020121844397659981,0.21120039198390259,0.2016106036363077,0.00092010029145944163,0.52212703394525029,0.80615671847041448,0.34618938418800166,0.42228684101655395,0.37496941579086884,0.0022349930620177206,0.20176701745451089,0.20940343862194011,0.0010429886853238163,-0.61043021295266586,0.53364373204491866,0.00024889677767143362,0.26227289487492861,0.33670102224393922,0.0017402449217961118,0.20493013028753518,0.2440022625324417,0.00083687027112630964,1.195149620647165,0.85593618073708633,-0.20848270388818155,0.34128445422434345,0.3969736653584407,0.0017635438106742957,0.19382566429635611,0.20913692052894176,0.00062159452109614437,-0.14713299779013983,0.59546770786897718,0.2478560525358281,0.40536964880488568,0.48313669578468632,0.0017873526789413136,0.17397581298593232,0.19296314657187311,0.00076201282101947339,-0.99617490572116463,0.086227389660827741,0.6389070737233562,0.34919605012373911,0.45203202402098769,0.0014511760961118908,0.19560864044903473,0.23650966732465861,0.00080042413565813392,0.079429809833396009,0.36135865601729822,0.11838377217777263,0.36560367841536306,0.407857521557907,0.0019091879244304787,0.19360773143180474,0.22424729900279827,0.0010006556346948813,-0.07214451163049683,0.27922982361279547,0.61200612978070312,0.42267257906298977,0.46598546113440448,0.0016754373715184363,0.17219053336707549,0.20128883922948965,0.00079223376205014959,-0.84401933300756105,0.062967067356195519,0.95197712722749783,0.34628928643835638,0.50921933854013579,0.0016676417543769501,0.19737466900002956,0.22094002474635388,0.00097341949641857682,0.18072136615703582,0.26937632346224288,0.62311398023368958
