1096098677,0.39999154083661126,0.32825783530008884,0.0013957619591422408,0.091274372964513809,0.072198959522903186,0,0.0025800448335659603,0.025377490166222559,0.00021147908471852133,0.07871251533223364,0,0.014338281943915747,0.55631688026054227,0.003637440257158567,0.22898955293321491,0.0026223406505096647,0.0016495368608044664,0.0031721862707778199,0.00029607071860592986,0.00021147908471852133,0.1792919680243624,0.0094742629953897557,0.63536776212832546,0.33485598274330669,0.00012688745083111279,0.025800448335659604,0.0010150996066489023,0,0,0.0028338197352281861,0,0,0,0.31857209321998053,0.017891130567186907,0.053631095884617008,0.090132385907033791,0.24840333291037517,0.0052023854840756245,0.015226494099733536,0.023558770037643277,0.0024531573827348474,0.19811360656431079,0.026815547942308504,0.050501205430782896,0.28477773548196084,0.029268705325043352,0.080615827094700332,0.12257327750285497,0.0025800448335659603,0.0016495368608044664,0.0017764243116355793,8.4591633887408536e-005,0.41758660068519221,0.0085860508395719671,0.0047371314976948778,0.93613331641500652,0,0.016664551875819483,0.002241678298016326,0,0,0.00059214143721185973,0,0.039631180476250902,0,0.25660872139745378,0.13022882036966543,0.064881783191642353,0.3104090005498456,0.18136446305460391,0.0020301992132978047,0.0053292729349067374,0.011123799856194222,0.001903311762466692,0.021486275007401769,0.014634352662521676,0.18068772998350463,0.057522311043437802,0.0069788097957112043,0.27179291968024361,0.3828194391574673,0.00050754980332445116,0.00063443725415556406,0.0026223406505096647,0.00012688745083111279,0.095377067208053126,0.00093050797276149387,0.030706763101129297,0.70409846466184489,4.2295816943704268e-005,0.082688322124941843,0.029860846762255214,0,0.00012688745083111279,0.0024954531996785518,0,0.14998096688237533,0
2250739563,0.069982394366197187,0.78171948356807508,0.00035211267605633805,0.0044600938967136149,0.13265845070422536,0,2.9342723004694835e-005,0.0089788732394366199,2.9342723004694835e-005,0.001789906103286385,0,0.62816901408450709,0.21475938967136149,0.0040786384976525822,0.015316901408450705,0.10745305164319249,2.9342723004694835e-005,0,0.027171361502347419,0.00017605633802816902,2.9342723004694835e-005,0.0028169014084507044,0.11349765258215963,0.68805751173708918,0.0022300469483568074,0.012059859154929577,0.16596244131455398,0.00017605633802816902,0.00026408450704225349,0.011854460093896714,2.9342723004694835e-005,0.0049295774647887328,0.00093896713615023472,0.11986502347417841,0.5854753521126761,0.0013497652582159625,0.010915492957746478,0.25674882629107981,0,0.00011737089201877934,0.023767605633802816,5.868544600938967e-005,0.0017018779342723004,0,0.71833920187793432,0.18858568075117371,0.00090962441314553996,0.0026115023474178405,0.073004694835680756,0,0,0.016519953051643194,2.9342723004694835e-005,0,0,0.10903755868544601,0.43007629107981221,0.003198356807511737,0.037294600938967137,0.38280516431924883,0,0.00064553990610328636,0.021948356807511737,0,0.014906103286384977,8.8028169014084512e-005,0.28612089201877933,0.41561032863849767,0.0015551643192488263,0.0045774647887323943,0.26015258215962439,0,2.9342723004694835e-005,0.029049295774647887,5.868544600938967e-005,0.002846244131455399,0,0.5283744131455399,0.2981220657276995,0.0019659624413145538,0.013673708920187794,0.12655516431924882,0,0,0.031220657276995304,8.8028169014084512e-005,0,0,0.36021126760563382,0.083890845070422534,0.0025528169014084508,0.0094483568075117378,0.40648474178403754,0,0.00014671361502347418,0.012118544600938967,2.9342723004694835e-005,0.12491197183098592,0.00020539906103286384
2250740771,0.00076291079812206572,0.70396126760563382,0,0.21012323943661973,0.0029342723004694834,0,0.0041666666666666666,0.0024354460093896713,0,0.075616197183098588,0,0.0017018779342723004,0.14122652582159625,0,0.036384976525821594,0.00079225352112676059,0,0.0029342723004694834,0.00079225352112676059,0,0.81616784037558687,0,0.16021126760563381,0.033744131455399062,0,0.017987089201877936,0.00017605633802816902,0,0.00058685446009389673,0.00014671361502347418,0,0.7871478873239437,0,0.23708920187793428,0.031954225352112675,0.00032276995305164318,0.71120892018779347,0.0013791079812206573,0,0.0063086854460093897,0.0014964788732394366,0,0.010211267605633803,2.9342723004694835e-005,0.39254694835680753,0.023180751173708922,0.00067488262910798123,0.46132629107981221,0.002494131455399061,0,0.012998826291079813,0.0014377934272300471,0,0.10531103286384977,2.9342723004694835e-005,0.38940727699530514,0.0083333333333333332,0.00093896713615023472,0.20507629107981221,0.0011443661971830986,0,0.025498826291079812,0.00073356807511737085,0,0.36399647887323944,0.0048708920187793426,0.86531690140845074,0.024061032863849766,0,0.10759976525821596,0.0010856807511737088,0,2.9342723004694835e-005,0.0018779342723004694,0,2.9342723004694835e-005,0,0.86895539906103292,0.032805164319248827,0,0.094806338028169013,0.0011150234741784037,0,0,0.0022887323943661972,0,2.9342723004694835e-005,0,0.95011737089201875,0.028843896713615022,0,0.015669014084507042,0.0035798122065727701,0,0,0.0017605633802816902,0,2.9342723004694835e-005,0
2250743415,0,1,0,0,0,0,0,0,0,0,0,0.17068661971830987,0.78855633802816905,0.0050176056338028172,0.01886737089201878,0.013145539906103286,2.9342723004694835e-005,0,0.0018779342723004694,0.00011737089201877934,0,0.0017018779342723004,0,1,0,0,0,0,0,0,0,0,0,0,1,0,0,0,0,0,0,0,0,0,0.49521713615023472,0.36810446009389669,0,0.091607981220657275,0.041226525821596242,0,0,0.0038438967136150233,0,0,0,0.0084800469483568078,0.99102112676056342,0,0.00011737089201877934,0.00020539906103286384,0,0,0.00017605633802816902,0,0,0,0.35534037558685444,0.6419600938967136,0,0,0.001789906103286385,0,0,0.00090962441314553996,0,0,0,0.895099765258216,0.063380281690140844,0,0.012676056338028169,0.024735915492957745,0,0,0.0041079812206572773,0,0,0,0.40366784037558684,0.59005281690140843,8.8028169014084512e-005,0.00029342723004694836,0.0046948356807511738,0,0,0.0012030516431924883,0,0,0
2250761785,0.65877347417840371,0.24219483568075117,0,0.036883802816901408,0.035035211267605636,0,0,0.027112676056338027,0,0,0,0.71050469483568079,0.20856807511737088,0,0.012441314553990611,0.049677230046948358,0,0,0.018808685446009391,0,0,0,0.70642605633802813,0.22042253521126762,2.9342723004694835e-005,0.002142018779342723,0.052846244131455396,0,0,0.018133802816901409,0,0,0,0.67473591549295775,0.25413732394366195,5.868544600938967e-005,0.0038145539906103286,0.040933098591549297,0,0,0.026320422535211267,0,0,0,0.429137323943662,0.50516431924882632,2.9342723004694835e-005,0.0074823943661971827,0.044278169014084511,0,0,0.013908450704225353,0,0,0,0.7130868544600939,0.22470657276995304,0,0.00044014084507042255,0.047476525821596241,0,0,0.014289906103286384,0,0,0,0.72230046948356808,0.21129694835680751,5.868544600938967e-005,0.00014671361502347418,0.026819248826291081,0,0,0.03937793427230047,0,0,0,0.7726525821596244,0.1618838028169014,5.868544600938967e-005,0.00029342723004694836,0.045539906103286384,0,0,0.019542253521126762,2.9342723004694835e-005,0,0,0.75466549295774643,0.17505868544600939,8.8028169014084512e-005,0.00073356807511737085,0.041519953051643195,0,0,0.027934272300469482,0,0,0
2250764337,0.024882629107981221,0.97502934272300468,0,0,2.9342723004694835e-005,0,0,5.868544600938967e-005,0,0,0,0.13092723004694837,0.85956572769953055,0.0054284037558685449,0.00017605633802816902,0.0024647887323943664,0,0,0.00052816901408450699,0.00020539906103286384,0,0.00070422535211267609,0.053257042253521125,0.91247065727699528,0.017723004694835679,0.00067488262910798123,0.010181924882629107,0.00038145539906103286,0,0.00041079812206572768,0.0011737089201877935,0,0.0037265258215962442,0.0032570422535211268,0.99674295774647892,0,0,0,0,0,0,0,0,0,0.18004694835680751,0.6504107981220657,0.079342723004694832,0.01141431924882629,0.058421361502347419,0.00070422535211267609,0,0.0013791079812206573,0.0036091549295774648,0,0.014671361502347418,0.20390258215962442,0.71830985915492962,0.02403169014084507,0.0034917840375586853,0.046185446009389675,0,0,0.00093896713615023472,0.00099765258215962446,0,0.002142018779342723,0.014730046948356808,0.98526995305164322,0,0,0,0,0,0,0,0,0,0.34110915492957744,0.60381455399061035,0.021742957746478872,0.0050762910798122065,0.013615023474178404,0.0015551643192488263,2.9342723004694835e-005,0.0012323943661971832,0.0036971830985915491,0,0.0081279342723004702,0.68612089201877935,0.28251173708920185,0.01232394366197183,0.00029342723004694836,0.010211267605633803,0.00041079812206572768,0,0.00014671361502347418,0.0012910798122065727,0,0.0066901408450704223
2251523446,0,1,0,0,0,0,0,0,0,0,0,0.036707746478873239,0.93905516431924885,0.0076291079812206572,0.0027582159624413146,0.0035798122065727701,0.0033157276995305165,5.868544600938967e-005,0.0010856807511737088,0.0015258215962441314,0,0.0042840375586854461,0,1,0,0,0,0,0,0,0,0,0,0,1,0,0,0,0,0,0,0,0,0,0.20399061032863849,0.72852112676056335,0.0070715962441314558,0.038028169014084505,0.017517605633802818,5.868544600938967e-005,0,0.0043133802816901412,8.8028169014084512e-005,0,0.00041079812206572768,0,1,0,0,0,0,0,0,0,0,0,0.1306631455399061,0.85698356807511733,8.8028169014084512e-005,0.0019072769953051643,0.0074530516431924885,0,0,0.0029049295774647888,0,0,0,0.57162558685446008,0.26000586854460095,0.0091842723004694829,0.10448943661971831,0.051760563380281691,0,0,0.0027875586854460093,2.9342723004694835e-005,0.00011737089201877934,0,0.20299295774647888,0.7783450704225352,0.00023474178403755868,0.0017312206572769953,0.014289906103286384,0,0,0.0024061032863849766,0,0,0
2251532288,0.015991784037558684,0.93154342723004691,0.00026408450704225349,0.015082159624413146,0.015815727699530515,0,8.8028169014084512e-005,0.01431924882629108,0,0.0068955399061032862,0,0.009712441314553991,0.98171948356807515,5.868544600938967e-005,0.0019659624413145538,0.0042840375586854461,0,0,0.0015258215962441314,0,0.00073356807511737085,0,0.37092136150234739,0.18151408450704226,0.0051643192488262908,0.35877347417840377,0.067693661971830979,0,0,0.015933098591549295,0,0,0,0.23122065727699531,0.53814553990610325,0.010944835680751174,0.12567488262910798,0.0426349765258216,0,0.00067488262910798123,0.038908450704225349,0.00011737089201877934,0.011502347417840376,0.00017605633802816902,0.31291079812206574,0.57262323943661975,0.00029342723004694836,0.0511150234741784,0.025616197183098592,0,2.9342723004694835e-005,0.028550469483568076,0,0.0088615023474178396,0,0.64618544600938965,0.074735915492957744,0.0010269953051643193,0.18943661971830986,0.057775821596244128,0,2.9342723004694835e-005,0.030809859154929578,0,0,0,0.19756455399061032,0.44970657276995307,0.0095363849765258222,0.23406690140845071,0.049207746478873236,0,0.00035211267605633805,0.051056338028169015,0.00011737089201877934,0.0083920187793427234,0,0.55149647887323938,0.1903169014084507,0.00064553990610328636,0.15463615023474178,0.060974178403755866,0,8.8028169014084512e-005,0.038585680751173711,2.9342723004694835e-005,0.0032276995305164321,0,0.678843896713615,0.11041666666666666,0.00038145539906103286,0.07400234741784037,0.099002347417840378,0,0,0.03732394366197183,0,2.9342723004694835e-005,0
2251546184,0,1,0,0,0,0,0,0,0,0,0,0,1,0,0,0,0,0,0,0,0,0,0,1,0,0,0,0,0,0,0,0,0,0.01693075117370892,0.98092723004694837,0.00082159624413145535,0.00046948356807511736,0.00049882629107981223,2.9342723004694835e-005,0,0.00023474178403755868,8.8028169014084512e-005,0,0,0.10352112676056338,0.5199237089201878,0.1533744131455399,0.0088908450704225355,0.028051643192488263,0.052640845070422534,0.00064553990610328636,0.0052523474178403752,0.015434272300469483,0,0.11226525821596244,0.037646713615023475,0.95601525821596245,0.0029636150234741785,0.00064553990610328636,0.0018192488262910799,2.9342723004694835e-005,0,0.00052816901408450699,8.8028169014084512e-005,0,0.00026408450704225349,0.010680751173708921,0.98911384976525818,0,2.9342723004694835e-005,5.868544600938967e-005,0,0,0.00011737089201877934,0,0,0,0.4404342723004695,0.23632629107981221,0.063116197183098591,0.11936619718309859,0.044219483568075119,0.027934272300469482,0.00035211267605633805,0.0093016431924882632,0.005927230046948357,0,0.053022300469483571,0.059976525821596245,0.93843896713615027,0,8.8028169014084512e-005,0.0011150234741784037,0,0,0.00038145539906103286,0,0,0
2251570686,0.0041960093896713617,0,0,0.0043720657276995305,0,0,0,0,0,0.9914319248826291,0,0.1091255868544601,0,0,0.070715962441314548,0,0,0,0,0,0.82015845070422533,0,0.030105633802816903,0,0,0.023562206572769952,0,0,0,0,0,0.94633215962441319,0,0.014994131455399061,0,0,0.053785211267605632,0,0,0,0,0,0.93122065727699532,0,0.15044014084507043,0,0,0.4772007042253521,0,0,0,0,0,0.37235915492957744,0,0.021097417840375585,0,0,0.018163145539906105,0,0,0,0,0,0.96073943661971828,0,0.0069835680751173706,0,0,0.021156103286384977,0,0,0,0,0,0.97186032863849769,0,0.16602112676056338,0,0,0.43330399061032865,0,0,0,0,0,0.400674882629108,0,0.0016431924882629107,0,0,0.0033157276995305165,0,0,0,0,0,0.99504107981220657,0
2382859863,0.052912066996574039,0.0032990737216089328,0,0.80129425199847737,0,0,4.2295816943704268e-005,0.00025377490166222558,0,0.14219853656473375,0,0.054815378759040731,0.00012688745083111279,0.0024108615657911434,0.89244173751216005,0.00016918326777481707,0,0.00063443725415556406,4.2295816943704268e-005,0,0.04923233092247177,0.00012688745083111279,0.091739626950894562,0.0035105528063274541,0.14490546884913083,0.49997885209152815,0.020640358668527682,0.00025377490166222558,0.034005836822738229,0.0025800448335659603,0.00025377490166222558,0.18982362644334475,0.012308082730617943,0.24100156494522693,0.00063443725415556406,0.032610074863595989,0.42545362263672121,0.080362052193038103,0,0.01438057776085945,0.002241678298016326,0.00067673307109926829,0.20175104682146935,0.00088821215581778965,0.42968320433109164,0.00021147908471852133,0.13716533434843295,0.23347290952924757,0.11081504039250518,0.00067673307109926829,0.0090090090090090089,0.00093050797276149387,0.00016918326777481707,0.038023939432390137,0.039842659560969419,0.34822146089751721,4.2295816943704268e-005,0.22915873620098973,0.055492111830140002,0.15323774478704055,0.0013111703252548324,0.024743052912066996,0.00067673307109926829,8.4591633887408536e-005,0.11415640993105781,0.07287569259400245,0.19024658461278179,0,0.0018610159455229877,0.097618745506069443,0.58034090428456631,0,0.00016918326777481707,4.2295816943704268e-005,0,0.12900224167829802,0.00071902888804297252,0.17485090724527344,0,0.10912320771475702,0.032694666497483399,0.57733790128156326,0,0.00097280378970519821,0.00012688745083111279,0,0.048301822949710277,0.056591803070676308,0.15996277968108955,0,0.33388317895360148,0.013280886520323141,0.33451761620775705,4.2295816943704268e-005,0.00071902888804297252,0.00016918326777481707,0.00012688745083111279,0.13255509030156917,0.024743052912066996
2492428309,0.013556338028169013,0.060856807511737089,0.00073356807511737085,0.083744131455399065,0.32144953051643194,0,0.0014377934272300471,0.020657276995305163,0,0.4973298122065728,0.00023474178403755868,0.16977699530516432,0.0031690140845070424,0.0019072769953051643,0.16203051643192487,0.13682511737089201,0,0.00011737089201877934,0.002846244131455399,0,0.52309272300469478,0.00023474178403755868,0.37890258215962441,0.00014671361502347418,0.016666666666666666,0.51393779342723001,0.090199530516431925,0,0,5.868544600938967e-005,0,8.8028169014084512e-005,0,0.094630281690140844,0.02596830985915493,0.00070422535211267609,0.094659624413145543,0.64976525821596243,0,0.00073356807511737085,0.013497652582159625,0,0.11983568075117371,0.00020539906103286384,0.33902582159624411,0.0068661971830985919,0.010211267605633803,0.36012323943661972,0.24190140845070424,0,2.9342723004694835e-005,0.00041079812206572768,0,0.041373239436619719,5.868544600938967e-005,0.6877347417840376,0.00014671361502347418,0.0006161971830985916,0.28958333333333336,0.021068075117370893,0,0,0.00017605633802816902,0,0.00067488262910798123,0,0.42370892018779344,0.043573943661971828,0.0088321596244131453,0.29627347417840377,0.19421948356807511,0,0.00085093896713615022,0.012705399061032864,0.00073356807511737085,0.017458920187793426,0.0016431924882629107,0.42541079812206573,0,0.12752347417840376,0.20982981220657276,0.23723591549295775,0,0,0,0,0,0,0.69782863849765253,0.0011150234741784037,0.032541079812206573,0.13224765258215962,0.13615023474178403,0,0,0.00011737089201877934,0,0,0
2493250166,0,0.9997946009389671,0,0.00020539906103286384,0,0,0,0,0,0,0,0.09014084507042254,0.79025821596244128,0.018280516431924881,0.094894366197183097,0.0050762910798122065,0,5.868544600938967e-005,0.0011737089201877935,0,0.00011737089201877934,0,0,0.7445129107981221,0,0.21622652582159624,0,0,0,0,0,0.039260563380281693,0,0.074794600938967143,0.84697769953051638,0,0.077523474178403759,0.00041079812206572768,0,0,0.00026408450704225349,0,2.9342723004694835e-005,0,0.39325117370892021,0.50792253521126762,0.0011737089201877935,0.041784037558685448,0.003198356807511737,0,0,0.00011737089201877934,0,0.05255281690140845,0,0,0.23400821596244131,0,0.001056338028169014,0,0,0,0,0,0.76493544600938967,0,0.46927816901408453,0.49501173708920188,0,0.024589201877934272,0.0075410798122065728,0,2.9342723004694835e-005,0.0030516431924882629,0,0.00049882629107981223,0,0.78509389671361507,0.093926056338028169,0,0.017224178403755869,0.0081279342723004702,0,5.868544600938967e-005,0.0054577464788732391,0,0.090111502347417841,0,0.0035211267605633804,0.055663145539906103,2.9342723004694835e-005,0.052992957746478872,0.00088028169014084509,0,0,8.8028169014084512e-005,0,0.88682511737089198,0
299562320,0,1,0,0,0,0,0,0,0,0,0,0,1,0,0,0,0,0,0,0,0,0,0,1,0,0,0,0,0,0,0,0,0,0.052041499330655959,0.9472333779562695,0,0,0.00055778670236501565,0,0,0.00016733601070950468,0,0,0,0,1,0,0,0,0,0,0,0,0,0,0,1,0,0,0,0,0,0,0,0,0,0.25736278447121819,0.74224676483712626,0,0,0.00016733601070950468,0,0,0.00022311468094600624,0,0,0,0,1,0,0,0,0,0,0,0,0,0,0,1,0,0,0,0,0,0,0,0,0
3233231169,0.078915662650602403,0.043263964950711942,0,0.0032858707557502738,0.0002190580503833516,0,0.016265060240963854,0.85054764512595837,0,0.0075027382256297919,0,0,0,0,0,0,0,0.0084884994523548741,0.99151150054764514,0,0,0,0,0,0,0,0,0,0,1,0,0,0,0,0.36363636363636365,0,0,0,0,0.0017524644030668128,0.6346111719605696,0,0,0,0.027929901423877329,0.033351588170865282,0.00049288061336254111,0.0002190580503833516,5.47645125958379e-005,0,0.0014786418400876233,0.93641840087623218,0,5.47645125958379e-005,0,0,0.047535596933187298,0,0,0,0,0,0.95246440306681268,0,0,0,0,1,0,0,0,0,0,0,0,0,0,0.12278203723986857,0.76363636363636367,0,5.47645125958379e-005,0,0,0,0.11352683461117197,0,0,0,0,0.93603504928806136,0,0,0,0,0,0.063964950711938667,0,0,0
3276976440,0.0017018779342723004,0.065669014084507038,0.00093896713615023472,0.93075117370892024,0.00029342723004694836,0,0,0.00038145539906103286,0,0.00023474178403755868,2.9342723004694835e-005,0.033245305164319248,0.50686619718309855,0.090316901408450709,0.31707746478873239,0.025674882629107981,0.00020539906103286384,0.00023474178403755868,0.0016725352112676056,0.00055751173708920186,0.0067194835680751174,0.017429577464788733,0.015463615023474179,0.95369718309859153,0.0080985915492957743,0.009712441314553991,0.0086854460093896708,0,0.00014671361502347418,0.00058685446009389673,0,0.0027875586854460093,0.00082159624413145535,0,0.00020539906103286384,0,0.99953051643192492,0,0,0,0.00023474178403755868,0,2.9342723004694835e-005,0,0.0088615023474178396,0.057863849765258213,0.28386150234741786,0.16816314553990611,0.01085680751173709,0.025997652582159626,0.00052816901408450699,0.0015845070422535212,0.0045774647887323943,0.018749999999999999,0.41895539906103285,0,0.9885269953051643,0,0.011473004694835681,0,0,0,0,0,0,0,0,0,0,1,0,0,0,0,0,0,0,0.0076877934272300465,0.14656690140845072,0.18559272300469484,0.51047535211267603,0.0073063380281690139,0.012030516431924883,0.00014671361502347418,0.001789906103286385,0.0015551643192488263,0.0016138497652582161,0.12523474178403757,0,0.93902582159624415,0,0.060974178403755866,0,0,0,0,0,0,0
3399338451,0,0.55395754810553466,0,0,0,0,0,0,0,0.4460424518944654,0,0,0.57958077101104277,0,0.0027441645176221651,0,0,0,0,0,0.41767506447133507,0,0,1,0,0,0,0,0,0,0,0,0,0,0.94769556304965941,0,0,0,0,0,0,0,0.052304436950340538,0,0,0.98822984857501817,0,0,0,0,0,0,0,0.011770151424981817,0,0.0077365602063082725,0.97728625272763336,0.011373404747735238,0.00079349335449315612,0.0024466045096872314,0,0,0.00029756000793493357,3.3062223103881503e-005,3.3062223103881503e-005,0,0.1147589763935727,0.69109964954043512,0,0.00026449778483105202,0.0010910533624280897,0,0,6.6124446207763005e-005,0,0.19271969847252529,0,0,0.94075249619784429,0,3.3062223103881503e-005,0,0,0,0,0,0.059214441579051778,0,0.1102955762745487,0.86930503207035636,0.0040666534417774253,0.0010910533624280897,0.0019506711631290087,0,0,0.00013224889241552601,0,0.013059578126033195,9.9186669311644515e-005
3400139668,0.0040786384976525822,0.050850938967136147,0.00038145539906103286,0.061355633802816903,0.0034037558685446009,0,0.1499706572769953,0.073796948356807515,2.9342723004694835e-005,0.65595657276995301,0.00017605633802816902,0.049794600938967135,0.033949530516431924,0.049530516431924881,0.029460093896713616,0.010357981220657278,0.0036091549295774648,0.12470657276995305,0.045803990610328638,0.0010856807511737088,0.64113849765258213,0.010563380281690141,0,0,0,0.00026408450704225349,0,0,0.067899061032863847,0.00052816901408450699,0,0.93130868544600942,0,0.013967136150234741,0.00093896713615023472,0.0032863849765258214,0.21511150234741783,0.0071302816901408451,0,0.26068075117370892,0.029665492957746478,0,0.46672535211267607,0.002494131455399061,0.15554577464788732,0.00029342723004694836,0.15777582159624412,0.0454518779342723,0.01426056338028169,0,0.13462441314553991,0.0018779342723004694,2.9342723004694835e-005,0.4886150234741784,0.0015258215962441314,0,0.0020539906103286387,0,0.0047535211267605631,0,0,0.062646713615023469,0.0019072769953051643,0,0.92863849765258211,0,0.14122652582159625,0.00088028169014084509,0.22937206572769953,0.10801056338028169,0.03512323943661972,0,0.22673122065727699,0.018280516431924881,0.00079225352112676059,0.23832159624413146,0.0012617370892018778,0.24524647887323944,0.00058685446009389673,0.4884976525821596,0.026555164319248828,0.036267605633802817,0,0.053080985915492956,0.007335680751173709,0.00023474178403755868,0.14040492957746478,0.001789906103286385,0.12447183098591549,0.00082159624413145535,0.14310446009389671,0.16675469483568076,0.030721830985915494,0,0.17875586854460093,0.029019953051643191,0.00076291079812206572,0.3237676056338028,0.0018192488262910799
3400204968,0,0.0056044600938967137,0,2.9342723004694835e-005,0,0,2.9342723004694835e-005,0,0,0.9943368544600939,0,0.078873239436619724,0.077024647887323938,0.0058685446009389668,0.086502347417840381,0.0083626760563380274,0,0.00020539906103286384,0.0061032863849765258,0,0.73703051643192485,2.9342723004694835e-005,0.008303990610328639,0.42174295774647885,0,0.037030516431924884,0,0,0,0.00049882629107981223,0,0.53242370892018775,0,0.096742957746478869,0.5085680751173709,0.0078931924882629113,0.19480633802816902,0.013174882629107982,0,0.0014964788732394366,0.0041960093896713617,0,0.17312206572769953,0,0.28752934272300468,0.36508215962441315,0.046713615023474181,0.22758215962441314,0.051584507042253522,0,0,0.0049002347417840377,0,0.016402582159624413,0.00020539906103286384,0.40539906103286383,0.1584800469483568,0.059917840375586853,0.32837441314553989,0.041930751173708918,0,0,0.0058392018779342726,0,5.868544600938967e-005,0,0.76960093896713611,0.00067488262910798123,0.069219483568075113,0.060915492957746481,0.093926056338028169,0,2.9342723004694835e-005,0.0042840375586854461,0.0011737089201877935,5.868544600938967e-005,0.00011737089201877934,0.84442488262910798,0.0022887323943661972,0.026965962441314554,0.07165492957746479,0.045539906103286384,0,0.00023474178403755868,0.00806924882629108,0.00055751173708920186,0.00023474178403755868,2.9342723004694835e-005,0.78453638497652578,0.0013204225352112676,0.037940140845070421,0.12834507042253521,0.041784037558685448,0,0,0.0060152582159624414,2.9342723004694835e-005,2.9342723004694835e-005,0
3530997191,0,1,0,0,0,0,0,0,0,0,0,0.06178313253012048,0.8304096385542169,0.013301204819277108,0.064963855421686742,0.010843373493975903,0.00019277108433734939,0.00053012048192771087,4.8192771084337347e-005,0,0.0091566265060240969,0.0087710843373493969,0,0.84366265060240964,0,0,0,0,0,0,0,0.15633734939759036,0,0.051710843373493978,0.87903614457831325,0,0.018698795180722892,0.046313253012048194,0,0,0,0,0.004240963855421687,0,0.24708433734939758,0.61093975903614461,0.0020240963855421685,0.13137349397590362,0.0058795180722891567,0,0,0,0,0.0026987951807228914,0,0.082409638554216874,0.56438554216867465,4.8192771084337347e-005,0.035228915662650601,0.0018313253012048193,0,0.00086746987951807225,0.0018795180722891566,9.6385542168674694e-005,0.31325301204819278,0,0.87624096385542172,0.003566265060240964,0.0056867469879518075,0.039518072289156624,0.072048192771084332,0,0.00024096385542168674,9.6385542168674694e-005,0,0.0026024096385542169,0,0.83874698795180724,0.018602409638554217,0.0019277108433734939,0.12607228915662649,0.013879518072289156,0,0,0,0,0.00077108433734939755,0,0.91166265060240959,0.00077108433734939755,4.8192771084337347e-005,0.019180722891566266,0.066265060240963861,0,0,0.00014457831325301204,0,0.0019277108433734939,0
4241935043,0.0017853600476096013,0.9975864577134167,9.9186669311644515e-005,0.00029756000793493357,6.6124446207763005e-005,0,0,0.00013224889241552601,0,3.3062223103881503e-005,0,0.002810288963829928,0.99603253322753427,0.00026449778483105202,0.00069430668518151157,9.9186669311644515e-005,0,0,9.9186669311644515e-005,0,0,0,0,1,0,0,0,0,0,0,0,0,0,0.030020498578324405,0.95325001653111152,0.0093566091383984664,0.0051246445811016332,0.00056205779276598559,0.00046287112345434105,0,0.00033062223103881507,3.3062223103881503e-005,3.3062223103881503e-005,0.00082655557759703767,0.03250016531111552,0.91059974872710436,0.011770151424981817,0.037492560999801625,0.0016200489320901937,0.0014216755934669048,3.3062223103881503e-005,0.0014878000396746677,3.3062223103881503e-005,0,0.0030417245255570983,0,1,0,0,0,0,0,0,0,0,0,0.13006678569066984,0.85508827613568739,0,0.011241155855319712,0.00046287112345434105,0,0,0.00062818223897374858,0,0.0025127289558949943,0,0.29554321232559677,0.52208556503339287,0.0044634001190240035,0.16828671559875685,0.0023474178403755869,3.3062223103881503e-005,0,0.0029425378562454542,0,0.0040335912186735432,0.00026449778483105202,0.12345434106989354,0.77666468293328039,0.003008662302453217,0.088772069033921847,0.0041989023341929511,0,3.3062223103881503e-005,0.0013555511472591417,0,0.0025127289558949943,0
4241938775,0.00029756000793493357,0.99914038219929913,0.00039674667724657806,0.00013224889241552601,0,0,0,0,0,0,3.3062223103881503e-005,0.16587317331217352,0.70280367651920916,0.046088739006810819,0.063545592805660259,0.0061826357204258411,0.0031739734179726245,0.00026449778483105202,0.0057858890431792638,3.3062223103881503e-005,3.3062223103881503e-005,0.0062156979435297232,0,1,0,0,0,0,0,0,0,0,0,0,1,0,0,0,0,0,0,0,0,0,0.38444753025193412,0.37304106328109504,0.0088606757918402428,0.22412881042121272,0.0041989023341929511,0.00029756000793493357,3.3062223103881503e-005,0.0031409111948687428,0,0.00019837333862328903,0.0016531111551940753,0,1,0,0,0,0,0,0,0,0,0,0.0088606757918402428,0.99074257753091322,0,3.3062223103881503e-005,0,0,0,0.00036368445414269656,0,0,0,0.74323877537525618,0.10186470938305892,0.003537657872115321,0.14501091053362428,0.0036368445414269655,0.00013224889241552601,0,0.0014878000396746677,0,9.9186669311644515e-005,0.0009918666931164452,0.13859683925147126,0.81531442174171787,6.6124446207763005e-005,0.044336441182305099,0.00029756000793493357,0,0,0.0012894267010513786,0,9.9186669311644515e-005,0
4241940423,0.070653970772994776,0.051312570257224098,0,0.68382596045758115,0.0064140712821530122,0,0.0057197645969715005,0.006910004628711235,0,0.1751636580043642,0,0.51848178271506973,0.028499636315545859,0,0.35720425841433578,0.0064801957283607747,0,0.00033062223103881507,0.0041658401110890699,0,0.084837664484559941,0,0.99980162666137673,0,0,6.6124446207763005e-005,6.6124446207763005e-005,0,0,0,0,6.6124446207763005e-005,0,0.0038021556569463729,0.002545791178998876,0.00076043113138927457,0.077001917608940026,0.0050254579117899887,0,0.0058520134893870262,0.0012894267010513786,0,0.90279706407458837,0.0009257422469086821,0.62507439000198373,0.0019837333862328904,0,0.06576076175362032,0.0013224889241552603,0,0.00023143556172717052,3.3062223103881503e-005,0,0.30559412814917675,0,1,0,0,0,0,0,0,0,0,0,0,0.72485617932949808,0.00023143556172717052,0.0012563644779474972,0.21589631686834623,0.0051907690273093965,0,0.0015208622627785491,0.0010249289162203266,0,0.050023143556172718,0,0.99272631091714603,0,0,0.002281293394167824,3.3062223103881503e-005,0,3.3062223103881503e-005,0,0,0.0049262712424783441,0,1,0,0,0,0,0,0,0,0,0,0
4241944319,0.53517820538252991,0.0057197645969715005,0,0.0020498578324406533,0.00019837333862328903,0,0.00013224889241552601,0.00046287112345434105,0,0.45625867883356475,0,0,0,0,0,0,0,0,0,0,1,0,0.061429610527011839,0.047378165707862199,3.3062223103881503e-005,0.19384381405805726,0.010017853600476096,0,0.005256893473517159,0.013059578126033195,0,0.66898102228393841,0,0.70032400978641807,0.0050254579117899887,0,0.11581696753289691,0.00023143556172717052,0,0.00095880447001256365,0.00023143556172717052,0,0.17741188917542816,0,0.31862064405210605,6.6124446207763005e-005,0,0.24333796204456787,3.3062223103881503e-005,0,0.00029756000793493357,0,0,0.43764464722607949,0,0.51702704489849893,0.0030747867486609799,0.00013224889241552601,0.27375520730013886,0.0057197645969715005,0,0.0031078489717648616,0.0062487601666336044,0,0.19093433842491569,0,0.98687429742775901,6.6124446207763005e-005,0,0.012233022548436157,0,0,0,3.3062223103881503e-005,0,0.00079349335449315612,0,0.84483898697348414,3.3062223103881503e-005,0,0.15496263968789262,0,0,0,0,0,0.00016531111551940753,0,0.88011637902532569,3.3062223103881503e-005,0,0.11829663426568802,0.00029756000793493357,0,0,0.00039674667724657806,0,0.00085961780070091911,0
4242709544,0.0018845467169212459,0.99269324869404219,0.0035045956490114393,0.0009257422469086821,0.00013224889241552601,9.9186669311644515e-005,6.6124446207763005e-005,0.0004959333465582226,0,0,0.00019837333862328903,0.04985783244065331,0.87079283211003111,0.048700654632017455,0.012133835879124512,0.0033392845334920319,0.0023143556172717052,0.00036368445414269656,0.004529524565231766,6.6124446207763005e-005,9.9186669311644515e-005,0.007802684652516035,0,0.99990081333068836,0,0,0,0,0,0,0,9.9186669311644515e-005,0,0.02764001851484494,0.97196323480790847,0,0.00019837333862328903,0,0,0,0.00019837333862328903,0,0,0,0.39360576605170933,0.37783508563115786,0.030648680817298154,0.17704820472128546,0.0053230179197249223,0.0045956490114395293,6.6124446207763005e-005,0.0035045956490114393,3.3062223103881503e-005,3.3062223103881503e-005,0.0073067513059578123,0,0.93903326059644254,0,0,0,0,0,0,0,0.060966739403557492,0,0.055577597037624812,0.94343053626925877,0,0.00033062223103881507,0,0,0,0.00062818223897374858,0,3.3062223103881503e-005,0,0.53521126760563376,0.16712953779012102,0.013357138133968128,0.27160616279838656,0.0049593334655822253,0.0011571778086358526,0,0.0032400978641803873,0,0.00072736890828539312,0.0026119156252066389,0,1,0,0,0,0,0,0,0,0,0
4242715220,0.0096211069232295179,0.0064801957283607747,0,0.41979104674998347,0.0018514844938173642,0,0.0016861733782979568,0.0018845467169212459,0,0.55865238378628579,3.3062223103881503e-005,0.42746148251008398,3.3062223103881503e-005,0,0.13720822588110826,0,0,0.00042980890035045955,0,0,0.43486742048535343,0,1,0,0,0,0,0,0,0,0,0,0,0.44088474509025988,0.0093235469152945852,0,0.34186338689413476,0.021060636117172519,0,0.0011571778086358526,0.010877471401177015,0,0.174667724657806,0.00016531111551940753,0.70630827216822056,0.00013224889241552601,0,0.064570521721880575,0.00069430668518151157,0,3.3062223103881503e-005,0.00019837333862328903,0,0.22803015274747074,3.3062223103881503e-005,1,0,0,0,0,0,0,0,0,0,0,0.84305362692587449,0.0014216755934669048,0,0.1482179461747008,0.0030747867486609799,0,3.3062223103881503e-005,0.0023474178403755869,0,0.0018514844938173642,0,0.9697150036368446,0,0,0.02988824968590888,3.3062223103881503e-005,0,0,0,0,0.00036368445414269656,0,1,0,0,0,0,0,0,0,0,0,0
4542648544,0,1,0,0,0,0,0,0,0,0,0,0.031486323128391107,0.80194540496471844,0.047594950943184056,0.047594950943184056,0.013100559444491299,0.0010120603862697141,0.0017992184644794918,0.00300806837030165,0.00089960923223974588,0.016952011470017712,0.034606842652722722,0,0.88586207865958222,0,0,0,0,0,0.0022490230805993646,0,0.11188889825981839,0,0,0.9987630373056704,0,0,0,0,0,0,0,0.0012369626943296505,0,0.055522757302296812,0.71423350482134318,0.052795816817070088,0.13392932444969216,0.010317393382249586,0,0.0059880239520958087,0.0017992184644794918,0.00014056394253746029,0.017092575412555173,0.0081808214556801893,0,0.99463045739506906,0,0.00036546625059739673,0,0,0,0.00011245115402996823,0,0.0048916252003036184,0,0.04947850777318602,0.85665289140029799,0.0073374378004554272,0.066346180877681252,0.009305332995979871,0.00033735346208990468,0.00030924067358241263,0.0054538809704534593,0.00081527086671726967,0.0039639031795563806,0,0.21674959939276378,0.35343397711619018,0.12130668240982823,0.1776728233673498,0.070253858480222656,0,0.0064940541452306651,0.021534395996738915,0.0036546625059739675,0.024486238790025584,0.0044137077956762534,0.31255798262629669,0.22934412864412021,0.051924320373337829,0.23521970144218604,0.073936633774704108,0,0.0033735346208990471,0.0484945601754238,0.0011245115402996823,0.040510528239296059,0.0035140985634365073
4817618866,0.14170468822323612,0.035927615772884572,0.00066124446207763013,0.048667592408913572,0.0009698252110471908,0,0.0048491260552359543,0.0042540060393660871,0,0.76278956997068481,0.00017633185655403468,0.1263197337388966,0.072891181203024097,0.037580726928078644,0.23595406555136766,0.017809517511957505,0,0.014789834468469661,0.011924441799466596,0.00013224889241552601,0.48239987656770039,0.00019837333862328903,0.17725759880094338,0.1967422689501642,0.060063038638718071,0.31675813881725406,0.036170072075646369,0.00055103705173135844,0.039476294386034519,0.036280279485992641,0.0036588860234962198,0.13191827018448721,0.0011241155855319712,0.19240009698252111,0.026295488108620424,0.18702197535762305,0.26758359232074763,0.049681500584099272,0.00059512001586986714,0.0055985364455906012,0.0099407084132337054,0.00072736890828539312,0.25700368092750558,0.0031519319359033702,0.28318896162577972,0.0086402609711477008,0.11972933060018956,0.2436685842756067,0.055390244440036145,0,0.0029315171152108268,0.0017192356014018382,2.2041482069254335e-005,0.28468778240648901,2.2041482069254335e-005,0.39634993056933149,0.036919482466001012,0.14983799510679099,0.14170468822323612,0.09308117877846106,0.0002424563027617977,0.0099407084132337054,0.011241155855319712,0.0016971941193325839,0.1586105049703542,0.00037470519517732371,0.73435605810134674,0.011064823998765677,0.14108752672529701,0.019991624236813683,0.086160153408715204,0.00041878815931583241,0.00035266371310806936,0.0037250104697039827,0.0019616919041636361,0,0.00088165928277017351,0.66677687407701292,0.001432696334501532,0.20293592541162467,0.0050695408759284973,0.12199960325332275,0,0,0.0015869867089863122,0.00019837333862328903,0,0,0.81317639798100028,0.0044303378959201214,0.094249377328131545,0.0029315171152108268,0.078467676166545444,0.00039674667724657806,0,0.0029535585972800811,0.0032180563821111331,0,0.00017633185655403468
4817618872,0.17511957504022571,0.04985783244065331,0,0.76316427516586216,0.0011020741034627169,0,0.00015429037448478036,0.0090590491304635319,0,0.0015429037448478036,0,0.14483457867707025,0.040512244043289472,0.024686459917564858,0.77257598800943372,0.010072957305649232,0.00017633185655403468,0.00011020741034627169,0.0048932090193744629,0.00057307853380061274,2.2041482069254335e-005,0.0015429037448478036,0.13584165399281448,0.026097114769997133,2.2041482069254335e-005,0.83526196301439304,0.00068328594414688443,0,0,0.0020718993145099076,0,2.2041482069254335e-005,0,0.081795939959002847,0.044567876744032266,0,0.86678128237342678,0.00035266371310806936,0,0.00030858074896956072,0.0051797482862747692,0,0.0010139081751856995,0,0.37201613436487468,0.06647710992087108,0.0073838964932002029,0.53807666027463685,0.014789834468469661,0,0,0.0011681985496704798,0,0,8.816592827701734e-005,0.042804558178491922,0.04013753884811215,2.2041482069254335e-005,0.91511825255130153,0.00070532742621613872,0,0,0.0012122815138089886,0,0,0,0.1720337675505301,0.011836275871189579,0.00033062223103881507,0.80702682448367824,0.00070532742621613872,0.00015429037448478036,0.0016310696731248208,0.0048932090193744629,0.00015429037448478036,0.0011461570676012255,8.816592827701734e-005,0.72102096144944783,0.0049813749476514801,0.044678084154378538,0.13451916506865921,0.093213427670876592,0.00033062223103881507,0,0.00070532742621613872,0.00033062223103881507,0,0.00022041482069254338,0.2083801714827305,0.029028631885207962,0.00039674667724657806,0.75827106614648765,0.0021380237607176705,0,0,0.0017192356014018382,6.6124446207763005e-005,0,0
5349743669,0,0.96931825695959795,0,0,0,0,0,0,0,0.030681743040402037,0,0.043278450042980893,0.75100839780466844,0.11227930966078159,0.013224889241552603,0.0081002446604509695,0.00082655557759703767,0,9.9186669311644515e-005,0.0004959333465582226,0.03223566752628447,0.038451365469814189,0,0.95341532764663095,0,0.00013224889241552601,0,0,0,0,0,0.046452423460953511,0,0,0.99960325332275346,0,0,0,0,0,0,0,0.00039674667724657806,0,0.29769225682734907,0.45291939430007272,0.023738676188586921,0.15479732857237322,0.065033392845334922,0,0,0,0,0.0049262712424783441,0.00089268002380480066,0,0.45744891886530448,0,0.00023143556172717052,0,0,0,0,0,0.5423196455729683,0,0,0.88190173907293523,0,0.00095880447001256365,0,0,0,0,0,0.11713945645705218,0,0.30655293261918931,0.29613833234146664,0.046485485684057394,0.1876942405607353,0.083217615552469745,0,3.3062223103881503e-005,0,0,0.07848971764861469,0.0013886133703630231,0,0.38963829927924354,0,0.017489916021953315,0,0,0,0,0,0.59287178469880319,0
5591042436,0,0.98931924882629108,0,0.010651408450704225,0,0,0,2.9342723004694835e-005,0,0,0,0.11508215962441315,0.82162558685446008,0.023591549295774648,0.017693661971830987,0.0068368544600938969,0,0,0.0080399061032863858,2.9342723004694835e-005,0.0066901408450704223,0.00041079812206572768,0,0.99468896713615018,0,0.0051349765258215966,0,0,0,0.00017605633802816902,0,0,0,0.082863849765258221,0.68996478873239442,5.868544600938967e-005,0.20551643192488264,0.019190140845070421,0,0,0.0022300469483568074,0,0.00017605633802816902,0,0.37441314553990612,0.45695422535211266,0.0031103286384976526,0.15431338028169014,0.0017605633802816902,0,0,0.003902582159624413,0,0.0055457746478873244,0,0.085739436619718307,0.53207159624413147,5.868544600938967e-005,0.36012323943661972,0.017576291079812206,0,0,0.0041666666666666666,0,0.00026408450704225349,0,0.89829812206572768,0.0096537558685446008,0.0025528169014084508,0.046508215962441313,0.03937793427230047,0,0,0.0033744131455399062,0,2.9342723004694835e-005,0.00020539906103286384,0.9518192488262911,0.00038145539906103286,0.0014671361502347417,0.0055751173708920186,0.040082159624413145,0,0,0.00064553990610328636,0,2.9342723004694835e-005,0,0.93397887323943662,0.0064847417840375584,0.00011737089201877934,0.014730046948356808,0.043485915492957744,0,0,0.001056338028169014,0.00014671361502347418,0,0
5629766364,0.00071014321221446323,0,0.00090740521560736976,0.88842861088097214,0.00074959561289304451,0,0.041701187517260423,0,0,0.067266343156981101,0.00023671440407148776,0,0,0,0.68252653173945632,0,0,0.099854026117489253,0,0,0.2176194421430544,0,0,0,0,0.945161163056772,0,0,0.01921331913046909,0,0,0.035625517812758904,0,0.02079141515761234,0.00011835720203574388,0.13926697439539196,0.6877737010297077,0.027419418471613999,0.0039452400678581289,0.021304296366433897,0.00074959561289304451,0.0010257624176431136,0.014400126247682171,0.083205113031127945,0.0015780960271432516,0,0.011993529806288712,0.94452992464591468,0.033495088176115517,0,0.00074959561289304451,0.00031561920542865033,0,0.00063123841085730066,0.0067069081153588199,0.0027222156468221089,3.9452400678581291e-005,0.0067858129167159822,0.96887205586459935,0.019331676332504832,0,7.8904801357162582e-005,0.00015780960271432516,0,0.00031561920542865033,0.0016964532291789956,0.10920424507831301,0.00019726200339290645,0.11259715153667101,0.075551347299483179,0.62362409752633452,0,0.00047342880814297552,0.00027616680475006904,0,0.0023671440407148775,0.075709156902197497,0.11827829723438671,7.8904801357162582e-005,0.11804158283031523,0.042687497534224961,0.67029628752909609,0,0.00035507160610723161,0.00015780960271432516,0,0.0027616680475006906,0.04734288081429755,0.094922476032666583,3.9452400678581291e-005,0.10139266974395392,0.087465972304414719,0.64406044107783955,0,0.00023671440407148776,7.8904801357162582e-005,0,0.00011835720203574388,0.071685012032982207
5733385376,0.71184999999999998,0,0,0.22964999999999999,0,0,0,0,0,0.058500000000000003,0,0.71692500000000003,0,0,0.19364999999999999,0,0,0,0,0,0.089425000000000004,0,0.82825000000000004,0,0,0.059225,0,0,0,0,0,0.112525,0,0.7228,0,0,0.15190000000000001,0,0,0,0,0,0.12529999999999999,0,0.30185000000000001,0,0,0.29799999999999999,0,0,0,0,0,0.40015000000000001,0,0.779725,0,0,0.12690000000000001,0,0,0,0,0,0.093375,0,0.91832499999999995,0,0,0.08115,0,0,0,0,0,0.00052499999999999997,0,0.73057499999999997,0,0,0.21299999999999999,0,0,0,0,0,0.056425000000000003,0,0.99624999999999997,0,0,0.0037499999999999999,0,0,0,0,0,0,0
5942745600,0,0.66309594657144744,0,0.32688619982807643,0,0,0.00076043113138927457,0.0019176089400251273,0,0.0073398135290616943,0,0.067909806255372615,0.80863585267473381,0.010579911393242082,0.1090392117966012,0.0017192356014018382,0.00036368445414269656,0,0.0013886133703630231,3.3062223103881503e-005,0,0.00033062223103881507,0.0009918666931164452,0.99884282219136411,0,0,3.3062223103881503e-005,0,0,0.00013224889241552601,0,0,0,0.029756000793493356,0.20445678767440323,0.0036368445414269655,0.38785293923163394,0.0029425378562454542,0,0.013158764795344838,0.0015208622627785491,0.0018514844938173642,0.35482377835085632,0,0.2536864378760828,0.70958143225550485,0.0030747867486609799,0.026317529590689677,0.0021490445017522978,0,0.0004959333465582226,0.00026449778483105202,0,0.0043972756728162402,3.3062223103881503e-005,0.08338292666798916,0.90911194868742973,9.9186669311644515e-005,0.00082655557759703767,0.0012894267010513786,0,0,0.0052899556966210411,0,0,0,0.43096607815909543,0.21711961912318983,0.0039344045493618987,0.31957944852211861,0.0026119156252066389,0,0.0021821067248561795,0.008364742445282021,0.0009918666931164452,0.014249818157772929,0,0.64120875487667794,0.24935528664947432,0.00019837333862328903,0.081233882166236851,0.004529524565231766,0,0.002810288963829928,0.00095880447001256365,0,0.019705084969913376,0,0.19510017853600475,0.75897639357270386,0.00016531111551940753,0.027970640745883752,0.0019837333862328904,0,0.0012563644779474972,0.005256893473517159,6.6124446207763005e-005,0.0092243602459829398,0
6166589654,0.00046948356807511736,0.9147593896713615,0,0.00070422535211267609,0.00023474178403755868,0,0,0.00029342723004694836,0,0.083538732394366197,0,0.038673708920187795,0.89445422535211272,0.016461267605633802,0.043603286384976528,0.0018192488262910799,0.00020539906103286384,2.9342723004694835e-005,0.0022007042253521128,0,0.00029342723004694836,0.0022593896713615025,0,0.83365610328638495,0,0,0,0,0,0,0,0.16634389671361502,0,0.37467723004694836,0.4687793427230047,0,0.086825117370892019,0.025000000000000001,0,8.8028169014084512e-005,0.0016431924882629107,0,0.042987089201877937,0,0.12916666666666668,0.6021420187793427,0.0015551643192488263,0.12711267605633803,0.00035211267605633805,0,0,0.00046948356807511736,0,0.13911384976525823,8.8028169014084512e-005,0.34061032863849766,0.41722417840375586,0.00017605633802816902,0.016578638497652582,0.011003521126760563,0,0.0006161971830985916,0.0027875586854460093,0,0.2108274647887324,0.00017605633802816902,0.94659624413145538,0.027083333333333334,0.0015551643192488263,0.019072769953051644,0.0043133802816901412,0,0,0.0011737089201877935,0.00014671361502347418,5.868544600938967e-005,0,0.91522887323943658,0.016666666666666666,2.9342723004694835e-005,0.038556338028169011,0.0057511737089201882,0,0.00017605633802816902,0.00099765258215962446,0,0.022593896713615023,0,0.96252934272300472,0.0089201877934272297,0.00014671361502347418,0.0074237089201877934,0.003433098591549296,0,0.00020539906103286384,0.001056338028169014,8.8028169014084512e-005,0.016197183098591549,0
6166639124,0.07309272300469484,0.025410798122065727,0.06804577464788733,0.13626760563380283,0.5596244131455399,0,0.0091549295774647887,0.0088615023474178396,0.0022300469483568074,0.11402582159624414,0.0032863849765258214,0.046068075117370891,0.042546948356807515,0.043133802816901406,0.22004107981220658,0.45396126760563382,0,0.0075997652582159621,0.0058392018779342726,0.001789906103286385,0.17678990610328638,0.0022300469483568074,0.06109154929577465,0.051173708920187792,0.078169014084507049,0.49113849765258216,0.034888497652582159,0,0.013996478873239437,0.016960093896713616,2.9342723004694835e-005,0.25058685446009388,0.0019659624413145538,0.028726525821596245,0.0034037558685446009,0.056631455399061031,0.25991784037558685,0.49636150234741783,0.00058685446009389673,0.011590375586854461,0.010035211267605634,0.0066021126760563379,0.068896713615023475,0.057247652582159622,0.037676056338028167,0.0023474178403755869,0.13582746478873239,0.084125586854460088,0.66120892018779343,0.0016138497652582161,0.00806924882629108,0.0046361502347417836,0.0019953051643192489,0.020422535211267606,0.042077464788732394,0.041872065727699533,0.021038732394366197,0.053227699530516433,0.16229460093896714,0.4544307511737089,0.00017605633802816902,0.013174882629107982,0.016197183098591549,0.0018779342723004694,0.18714788732394366,0.048562206572769953,0.058920187793427233,0.0036384976525821598,0.097153755868544606,0.056367370892018778,0.69818075117370892,0.0020246478873239436,0.013204225352112676,0.0098298122065727696,0.011062206572769953,0.015903755868544599,0.033714788732394363,0.041226525821596242,0.0062206572769953053,0.24829812206572771,0.026144366197183098,0.51338028169014083,0.0097417840375586852,0.042957746478873238,0.0065727699530516428,0.024735915492957745,0.01511150234741784,0.065610328638497653,0.11026995305164319,0.0036384976525821598,0.088761737089201875,0.035974178403755872,0.57520539906103285,0.0013204225352112676,0.018896713615023476,0.046801643192488265,0.064025821596244134,0.0044894366197183099,0.050616197183098594
6495026259,0.43436032863849766,0.10143779342723004,0.0025821596244131454,0.22588028169014085,0.20061619718309859,0,0,0.03512323943661972,0,0,0,0.032775821596244134,0.051173708920187792,0.0084800469483568078,0.67095070422535208,0.13550469483568076,0,0.0012323943661971832,0.020980046948356808,0,0.076203051643192493,0.0026995305164319249,0.11021126760563381,0.059771126760563377,0.0021713615023474177,0.59424882629107978,0.21326291079812207,0,0.00011737089201877934,0.01238262910798122,0,0.0078345070422535211,0,0.18544600938967137,0.060886150234741782,0.060416666666666667,0.45592723004694835,0.17711267605633804,0,0,0.058861502347417841,0,2.9342723004694835e-005,0.0013204225352112676,0.20915492957746479,0.097593896713615028,0.036384976525821594,0.3805164319248826,0.14263497652582161,0,0.0046361502347417836,0.041784037558685448,0,0.081572769953051641,0.0057218309859154931,0.046038732394366198,0.02414906103286385,0.15114436619718311,0.48506455399061033,0.15651408450704227,0,0.0045481220657276993,0.025381455399061031,0,0.069278169014084512,0.037881455399061036,0.36713615023474178,0.091607981220657275,0.035534037558685443,0.24627347417840376,0.22338615023474179,0,0,0.035592723004694835,0,0,0.00046948356807511736,0.120481220657277,0.062529342723004699,0.0083626760563380274,0.43559272300469482,0.34548122065727699,0,0,0.025205399061032863,0,0.0015258215962441314,0.00082159624413145535,0.18342136150234742,0.047476525821596241,0.091402582159624407,0.34639084507042256,0.2925762910798122,0,0,0.025938967136150234,0,0,0.012793427230046948
6553876323,0.09257422469086822,6.6124446207763005e-005,0.050882761356873633,0.82959730212259475,0.0015539244858824308,9.9186669311644515e-005,9.9186669311644515e-005,0.0010910533624280897,3.3062223103881503e-005,0.023341929511340342,0.00066124446207763013,0.088772069033921847,0.0048601467962705808,0.27977253190504531,0.56040468161079149,0.0062156979435297232,0.0068438801825034716,0.0024466045096872314,0.0009918666931164452,0.00039674667724657806,0.03451696092045229,0.014778813727435032,0.11591615420220856,0.0034054089796997952,0.00019837333862328903,0.85932024069298418,0.0020167956093367716,0,0,0.0018184222707134828,0,0.017258480460226145,6.6124446207763005e-005,0.074687561991668316,0.017589102691264961,0.13307544799312307,0.73368379289823449,0.0078357468756199162,0.0009257422469086821,0.00026449778483105202,0.00023143556172717052,0.00089268002380480066,0.025656285128612049,0.0051577068042055144,0.088044700125636449,0.0004959333465582226,0.76684520267142764,0.027507769622429411,0.011075844739800304,0.020895325001653111,0.003273160087284269,3.3062223103881503e-005,9.9186669311644515e-005,0.0075381868676849834,0.0741916286451101,0.024697480658599485,0.44220723401441514,0.00059512001586986714,0.52681346293724796,9.9186669311644515e-005,0,0,3.3062223103881503e-005,0,0.0055544534814520926,0,0.098293989287839709,0.071943397474046156,0.20971368114792038,0.23262580175891026,0.15618594194273622,0.0017192356014018382,0.0034054089796997952,0.0031078489717648616,0.00026449778483105202,0.046452423460953511,0.1762877735898962,0.042187396680552804,9.9186669311644515e-005,0.35307148052635057,0.0024466045096872314,0.32367916418699993,0.02611915625206639,0.0021490445017522978,6.6124446207763005e-005,0.00013224889241552601,0.0023474178403755869,0.24770217549428022,0.078853402102757389,0.15420220855650335,0.2177478013621636,0.10024466045096872,0.17403954241883224,0.0090259869073596507,0.0038682801031541363,0.0009257422469086821,0.0013886133703630231,0.045328307875421546,0.21437545460556767
6919328243,0.68280103154136085,0,0,0.0073398135290616943,0.00066124446207763013,0,6.6124446207763005e-005,0,0,0.3091317860212921,0,0.011373404747735238,0,0,0.0063810090590491302,0.0010579911393242081,0,0,0,0,0.98118759505389141,0,0.2145077034979832,0,3.3062223103881503e-005,0.059776499371817761,0.0087614891225285992,0,3.3062223103881503e-005,0,0,0.71688818356146267,0,0.73639489519275281,0,3.3062223103881503e-005,0.018316471599550355,0.0027111022945182834,0,0,0,0,0.24254446869007473,0,0.49137075976988692,0,6.6124446207763005e-005,0.07108377967334524,0.008364742445282021,0,3.3062223103881503e-005,0,0,0.42908153144217415,0,0.40567347748462607,0,0.00029756000793493357,0.28489717648614693,0.042187396680552804,0,3.3062223103881503e-005,0,0,0.26691132711763538,0,0.99272631091714603,0,0,0.0053230179197249223,0.0019176089400251273,0,0,0,0,3.3062223103881503e-005,0,0.87323943661971826,0,9.9186669311644515e-005,0.091615420220855656,0.025127289558949942,0,0,0,0,0.0099186669311644507,0,0.63734047477352374,0,0.00029756000793493357,0.27375520730013886,0.061991668319777822,0,3.3062223103881503e-005,0,0,0.02658202737552073,0
7079035749,0,0.073034450836474238,0,0.37852939231633936,0,0,0.00059512001586986714,9.9186669311644515e-005,0,0.54774185016200494,0,0.0027772267407260463,0.11274218078423594,0.099285855980956156,0.47381471930172586,0.0011241155855319712,0,6.6124446207763005e-005,0.00082655557759703767,0,0.30853666600542218,0.00082655557759703767,0.010877471401177015,0.13717516365800436,0.00033062223103881507,0.7480658599484229,0.0019176089400251273,0,0,0.00036368445414269656,0,0.10126958936718905,0,0.022779871718574356,0.065430139522581504,0.061264299411492432,0.81703365734311972,0.0090590491304635319,0.0018184222707134828,0.0009257422469086821,0.0020167956093367716,0.00042980890035045955,0.017192356014018383,0.0020498578324406533,0.03097930304833697,0.033458969781128084,0.44187661178337634,0.47163261257686967,0.010546849170138201,0.00029756000793493357,0.00033062223103881507,0.00023143556172717052,0,0.0027111022945182834,0.0079349335449315616,0.080671824373470868,0.0016200489320901937,0.57491899755339548,0.21490445017522977,0.10774978509554982,9.9186669311644515e-005,0.0004959333465582226,0.00023143556172717052,0,0.00072736890828539312,0.018580969384381404,0.52258149837995105,0.0022151689479600607,0.33935065793823976,0.053197116974145343,0.077365602063082725,3.3062223103881503e-005,9.9186669311644515e-005,0.0016861733782979568,0.0012894267010513786,0.00085961780070091911,0.0013224889241552603,0.43136282483634197,0.00082655557759703767,0.38411690802089532,0.063115783905309794,0.09025986907359651,0.00019837333862328903,0.0016200489320901937,0.00079349335449315612,0.0026780400714144018,0.021788005025457913,0.0032400978641803873,0.24714011770151426,0.00082655557759703767,0.5519407524961979,0.090028433511869344,0.080671824373470868,0.0073728757521655756,0.0010910533624280897,0.0014878000396746677,0.015175560404681611,0.0034384712028036764,0.00082655557759703767
7079037125,0.00016531111551940753,0,0,0.00026449778483105202,0,0,6.6124446207763005e-005,0,0,0.99950406665344182,0,0,0,0,0.09128479798981684,0,0,0.00033062223103881507,0,0,0.90838457977914433,0,0.0029756000793493354,0.0014547378165707862,0.026251405144481915,0.56347946835945251,0.0021159822786484162,0,0.002545791178998876,0.00013224889241552601,0,0.40094557958077104,9.9186669311644515e-005,0.21063942339482908,9.9186669311644515e-005,0.25008265555775971,0.22961713945645706,0.040964094425709183,0.0021490445017522978,0.0017192356014018382,0.0004959333465582226,0.0048270845731666996,0.25877802023408053,0.00062818223897374858,0.16795609336771805,0.00069430668518151157,0.17390729352641671,0.58192818885141839,0.030780929709713682,0.00069430668518151157,0.00016531111551940753,0.00013224889241552601,0.0009257422469086821,0.042352707796072205,0.00046287112345434105,0.15420220855650335,0.0047609601269589371,0.30202340805395755,0.26029888249685906,0.26572108708589565,0.0027111022945182834,0.00013224889241552601,0.0004959333465582226,0.0034715334259075581,0.0021159822786484162,0.0040666534417774253,0.18994247173179923,0.0027772267407260463,0.039277921047411228,0.754479931230576,0.011042782516696423,0,9.9186669311644515e-005,0.00059512001586986714,0.0015208622627785491,9.9186669311644515e-005,0.00016531111551940753,0.15165641737750446,0.0010579911393242081,0.022482311710639424,0.79756000793493353,0.014216755934669046,0.0023474178403755869,0.0017522978245057197,0.0017522978245057197,0.0063810090590491302,0.00036368445414269656,0.00042980890035045955,0.17923031144614163,0.00026449778483105202,0.12930635455928058,0.65284665740924419,0.029160880777623487,0.0010249289162203266,0.00013224889241552601,0.00052899556966210404,0.0072075646366461677,0.00013224889241552601,0.00016531111551940753
7641797372,0,1,0,0,0,0,0,0,0,0,0,0.026203051643192487,0.90962441314553988,0.036414319248826293,0.0061619718309859151,0.0068661971830985919,0.0011737089201877935,0.00082159624413145535,0.00079225352112676059,0.00023474178403755868,0.0029049295774647888,0.0088028169014084511,0.026115023474178403,0.93280516431924887,0.027435446009389672,0.002142018779342723,0.0037265258215962442,5.868544600938967e-005,0.00032276995305164318,0.00032276995305164318,0.00023474178403755868,0.003433098591549296,0.0034037558685446009,0,1,0,0,0,0,0,0,0,0,0,0.014730046948356808,0.8039319248826291,0.060357981220657275,0.0038732394366197184,0.0036678403755868545,0.024941314553990609,0.0013497652582159625,0.0010269953051643193,0.0010269953051643193,0.010739436619718309,0.074354460093896707,0.022447183098591551,0.64958920187793423,0.22555751173708921,0.0018192488262910799,0.0068368544600938969,0.012705399061032864,0,0.00058685446009389673,0.0014671361502347417,0.00070422535211267609,0.078286384976525819,0,1,0,0,0,0,0,0,0,0,0,0.002142018779342723,0.88427230046948357,0.045334507042253523,0.003433098591549296,0.0010269953051643193,0.0060152582159624414,0.0073943661971830983,0.00055751173708920186,0.00029342723004694836,0.014700704225352112,0.034829812206572767,0.036091549295774648,0.75058685446009388,0.14659624413145539,0.0053697183098591547,0.0063086854460093897,0.0076877934272300465,0.0042253521126760559,0.00038145539906103286,0.0025528169014084508,0.002142018779342723,0.038057511737089204
8108797173,0.0045481220657276993,0.98233568075117372,0,0.0081279342723004702,0.0044894366197183099,0,0,0.00046948356807511736,0,2.9342723004694835e-005,0,0.019630281690140847,0.86904342723004691,0.017811032863849767,0.076760563380281685,0.010387323943661972,0,0,0.00088028169014084509,0,0.00029342723004694836,0.0051936619718309859,0,0.92450117370892015,0,0.075498826291079818,0,0,0,0,0,0,0,0.80217136150234747,0.060915492957746481,0.00029342723004694836,0.01602112676056338,0.11957159624413145,0,0,0.0010269953051643193,0,0,0,0.31302816901408453,0.41989436619718312,0.0029342723004694834,0.17147887323943661,0.087646713615023478,0,0,0.00011737089201877934,0,0.0049002347417840377,0,0.19187206572769952,0.37397300469483569,0.00055751173708920186,0.21725352112676055,0.11029929577464789,0,0,0.00014671361502347418,0,0.10589788732394366,0,0.94254694835680752,0.00032276995305164318,0.0063380281690140847,0.018838028169014084,0.028491784037558684,0,0,0.0029342723004694834,0.00049882629107981223,2.9342723004694835e-005,0,0.76467136150234738,0.00085093896713615022,0.043221830985915491,0.11804577464788732,0.065023474178403762,0,0,0.007335680751173709,0.00014671361502347418,0.00067488262910798123,2.9342723004694835e-005,0.92098004694835678,0.0091549295774647887,0.010123239436619719,0.021919014084507041,0.028902582159624414,5.868544600938967e-005,0.00011737089201877934,0.0065727699530516428,0.00090962441314553996,0.0012617370892018778,0
8108797449,0.0013204225352112676,0.95067488262910793,0,0.047946009389671362,2.9342723004694835e-005,0,0,2.9342723004694835e-005,0,0,0,0.058069248826291081,0.70134976525821591,0.056161971830985917,0.15669014084507044,0.018133802816901409,0,0,0.00014671361502347418,0,0,0.0094483568075117378,0.0075704225352112679,0.81590375586854458,5.868544600938967e-005,0.17365023474178404,0.0028169014084507044,0,0,0,0,0,0,0,0.94219483568075113,0,0.057805164319248828,0,0,0,0,0,0,0,0.024061032863849766,0.42441314553990611,0.36317488262910796,0.07514671361502348,0.025234741784037559,5.868544600938967e-005,0,0.00011737089201877934,0,0,0.087793427230046947,0,0.95894953051643195,0,0.041050469483568074,0,0,0,0,0,0,0,0.0013204225352112676,0.6591842723004695,0,0.33949530516431925,0,0,0,0,0,0,0,0.33080985915492955,0.13116197183098591,0.017723004694835679,0.46446596244131455,0.054636150234741783,0,0,0.00038145539906103286,0,0,0.00082159624413145535,0,0.65246478873239433,0,0.34753521126760561,0,0,0,0,0,0,0
8161834059,0.0057603303033330003,0.013451869610095561,0,0.038990443845103716,0.59627742816235474,0,0,3.3296706955682086e-005,0,0.34542003795824594,6.6593413911364172e-005,0.040189125295508277,0.0080910997902307463,0.012686045350114873,0.45206939033729565,0.040688575899843503,0,0.0076915393067625614,0.0012652748643159192,0,0.43728565244897277,3.3296706955682086e-005,0.032763959644391168,0,0.045083741217993543,0.89231844970532415,0.013218792661405788,0,0.00063263743215795961,0.000399560483468185,0,0.015582858855259216,0,0.079146272433656309,0.082376053008357472,0.00063263743215795961,0.107981220657277,0.66789864482402694,0,0,3.3296706955682086e-005,0,0.061831984816701629,9.9890120867046251e-005,0.077514733792827889,0.048180334964871972,0.029733959311424099,0.57939599773582395,0.13025671761062832,0,9.9890120867046251e-005,0.0017980221756068325,0,0.13302034428794993,0,0.012619451936203509,3.3296706955682086e-005,0.032364399160922985,0.94366197183098588,0.0017647254686511504,0,0.0024639563147204743,0.00053274731129091338,0,0.0064928578563580065,6.6593413911364172e-005,0.2181933206805847,0.03639330070256052,0.00073252755302500585,0.37159124962541207,0.3406586088635834,0,0.00023307694868977458,0.00089901108780341625,0,0.031199014417474111,9.9890120867046251e-005,0.10808111077814404,0.0093230779475909839,0.065028468684447102,0.7484100822428662,0.062597809076682318,0,0.00013318682782272834,0.0014317583990943296,0,0.0049279126294409486,6.6593413911364172e-005,0.14417474111810341,0.000399560483468185,0,0.85389404987846707,0.001165384743448873,0,0,0.00029967036260113877,0,6.6593413911364172e-005,0
8161985635,0.12702693703592716,0.084373855425698405,0.0011986814504045551,0.030266706622715012,0.64881963173842105,0,3.3296706955682086e-005,0.000399560483468185,0,0.10771484700163154,0.00016648353477841042,0.010255385742350081,0.029967036260113874,0.00023307694868977458,0.20410881363833117,0.12889155262544535,0,0.0039623081277261676,0.0027303299703659309,0,0.6198514966869777,0,0.054540005993407255,0.039057037259015083,0.00063263743215795961,0.41297905637132487,0.096593746878433723,0,0.0048946159224852659,0.0052941764059534508,0,0.38600872373722239,0,0.28545266873106251,0.0037292311790363933,0.004461758732061399,0.011720440848400094,0.69223853760863052,9.9890120867046251e-005,0.00016648353477841042,9.9890120867046251e-005,0,0.00093230779475909833,0.0010987913295375088,0.11004561648852929,0.034495388406086638,0.1666833150201445,0.27076882096360672,0.17417507408517297,0.0014983518130056938,0.16684979855492291,0.025072420337628607,0.020843738554256985,0.029567475776645688,0,0.089534845003829119,0.024273299370692239,0.049811873605700399,0.67266007391868943,0.13861419105650452,0,0.001165384743448873,0.0021309892451636535,0,0.021809343055971764,0,0.15173309359704326,0.060167149468917526,0.024073519128958144,0.36166883095261876,0.36762894149768588,0.00026637365564545669,0.00159824193387274,0.010122198914527354,0.0028968135051443411,0.018712749309093332,0.0011320880364931909,0.27046915060100557,0.015716045683081943,0.27602970066260446,0.33583058635500951,0.01165384743448873,0,0.065294842340092571,0.013884726800519429,0.0011320880364931909,0.0099557153797489428,3.3296706955682086e-005,0.37865015150001663,0.069956381313888052,0.075383744547664236,0.37841707455132689,0.074218359804215359,0,0.0012985715712716013,0.0057270335963773185,0,0.016348683115239904,0
8161986109,0.0043089587754839538,0.93745578493793813,0.035211267605633804,0.0096469226316804931,0.0036658306000385875,0,0,0.00019293845263360988,0,0,0.0095182969965914212,0.11328702810470127,0.60444401569232753,0.14264582931378222,0.043989967200463054,0.034600295838960703,0,0,0.0029262331982764164,0,0.00032156408772268311,0.057785066563766162,0.017493086372113963,0.95401633545565634,0.00057881535790082963,0.026111003923081869,0.00090037944562351279,0,0,0.00070744099298990291,0,0.00019293845263360988,0,0.0050807125860183938,0.90433468390250182,0.027172165412566725,0.02630394237571548,0.0026046691105537333,0,0,0.00041803331403948805,0,0,0.034085793298604415,0.017300147919480351,0.44774583574506399,0.2058010161425172,0.057302720432182132,0.014020194224708984,0,0,0.0014791948035243424,0,0,0.25635089073252298,0,0.83494115377194678,0,0.16505884622805325,0,0,0,0,0,0,0,0,0.99990353077368321,0,9.6469226316804938e-005,0,0,0,0,0,0,0,0.02247732973181555,0.66046047977361888,0.16737410765965657,0.035339893240722876,0.021769888738825648,0,0,0.00067528458421763462,0,0,0.091903016271142834,0,0.99305421570519004,0,0.0069457842948099559,0,0,0,0,0,0,0
8161989715,0.033480046948356809,0.0012617370892018778,0,0.11657863849765258,0.00067488262910798123,0,2.9342723004694835e-005,0.00073356807511737085,0,0.84724178403755868,0,0.067106807511737088,0.00011737089201877934,0,0.078579812206572772,0.00035211267605633805,0,2.9342723004694835e-005,2.9342723004694835e-005,0,0.85378521126760565,0,0.051760563380281691,0.0018192488262910799,0.00014671361502347418,0.068016431924882631,0.69137323943661977,0,8.8028169014084512e-005,0.0006161971830985916,0,0.18612089201877935,5.868544600938967e-005,0.29316314553990608,0.00020539906103286384,0.014759389671361502,0.49947183098591547,0.0909037558685446,0,2.9342723004694835e-005,0.00046948356807511736,0,0.098210093896713618,0.0027875586854460093,0.15111502347417841,0,0.0019953051643192489,0.26197183098591548,0.25938967136150237,0,0.00011737089201877934,0,0,0.32532276995305165,8.8028169014084512e-005,0.20874413145539905,0,0,0.12036384976525821,0.64662558685446014,0,0,0,0,0.02426643192488263,0,0.56294014084507038,0,0.12987089201877935,0.16933685446009389,0.13524061032863849,0,0,0,0,0.0024061032863849766,0.00020539906103286384,0.28098591549295776,0,0.24304577464788732,0.20217136150234741,0.27139084507042255,0,0,0,0,0.00096830985915492959,0.0014377934272300471,0.33450704225352113,0.0042840375586854461,0.067634976525821594,0.33559272300469484,0.1676643192488263,0,0.0048415492957746475,0.0013204225352112676,0.00014671361502347418,0.079225352112676062,0.0047828638497652582
8162015896,0.15329803882396031,0.019911430759497886,0.0029301102121000234,0.017514067858688774,0.79758931841640857,0,6.6593413911364172e-005,0.00029967036260113877,0,0.0073585722372057401,0.0010321979156261447,0.044950554390170809,0.062164951886258452,3.3296706955682086e-005,0.058668797655911833,0.6556121599573802,0,9.9890120867046251e-005,9.9890120867046251e-005,0,0.17830386574767756,6.6593413911364172e-005,0.016615056770885359,0.038890553724236672,0.0026304398494988845,0.76196184197382877,0.0028635167981886592,0,0.011154396830153498,0.0047947258016182203,0,0.16098957813072287,9.9890120867046251e-005,0.23460859720973595,0.059900775813272064,0.024040222422002464,0.15339792894482734,0.45166982985382748,9.9890120867046251e-005,0.0034295608164352544,0.0095561548962807587,0.0017314287616954683,0.058768687776778877,0.0027969233842772951,0.10708220956947358,0.014850331302234209,0.17297639263476841,0.38993773515799285,0.099190890020976932,0.0016648353477841042,0.17087870009656045,0.0096893417241034861,0.020677255019478574,0.012952419005760329,9.9890120867046251e-005,0.064695501614890294,0.0061598907868011853,0.082442646422268839,0.76509173242766293,0.056071654513368631,0,0.0022974727799420637,0.00053274731129091338,0,0.022675057436819499,3.3296706955682086e-005,0.075350447840708559,0.042553191489361701,9.9890120867046251e-005,0.24413145539906103,0.62677721173375955,0,0.00023307694868977458,0.0022308793660306995,0,0.0085572536876102959,6.6593413911364172e-005,0.4849998335164652,0.031598574900942297,0.17497419505210934,0.1572270502447308,0.028169014084507043,0,0.066626710618319845,0.049678686777877665,0.0046948356807511738,0.002031099124296607,0,0.23111244297938935,0.095761329204541668,0.037092531548629841,0.52385709053374618,0.10511770385908834,0,0,0.0070589018746046017,0,0,0
8162018722,0.0012652748643159192,0.98378450371258286,0.0049612093363966304,0.0088569240502114344,0.00073252755302500585,0,0,3.3296706955682086e-005,0,0,0.00036626377651250293,0.040022641760729866,0.8867578996437252,0.022974727799420638,0.037259015083408252,0.0097892318449705317,0,0,0.0012319781573602371,0,9.9890120867046251e-005,0.0018646155895181967,0.0081909899110977919,0.85366097292977727,0.00026637365564545669,0.13691605900176473,0.000399560483468185,0,0,0.00046615389737954916,0,9.9890120867046251e-005,0,0.0029967036260113876,0.94542669729963702,0.021975826590750175,0.0085905503945659777,0.0025638464355875203,0,0,0.00016648353477841042,0,0,0.018279892118669462,0.02493923350980588,0.53434555322478605,0.20633969300436186,0.032231212333100258,0.021343189158592214,0,0,0.0014317583990943296,0,0,0.17936936037025938,0,0.93357306962341424,0,0.066426930376585758,0,0,0,0,0,0,0,0.021509672693370625,0.97422834881630205,0,0.0034295608164352544,3.3296706955682086e-005,0,0,0.00079912096693637001,0,0,0,0.60320314320913659,0.23497486098624845,0.004861319215529584,0.14194386175207271,0.0027969233842772951,0,0,0.0064595611494023238,0,0,0.0057603303033330003,0,0.99976692305131021,0,0.00023307694868977458,0,0,0,0,0,0,0
8207516493,0.12018779342723004,0.37922535211267605,0.010328638497652582,0.020363849765258214,0.45698356807511736,0,0.00052816901408450699,0.010475352112676056,8.8028169014084512e-005,0.00076291079812206572,0.001056338028169014,0.041607981220657279,0.84715375586854458,0.016167840375586856,0.057071596244131453,0.014143192488262912,5.868544600938967e-005,0.0013791079812206573,0.0036971830985915491,2.9342723004694835e-005,0.01511150234741784,0.0035798122065727701,0,1,0,0,0,0,0,0,0,0,0,0.11628521126760563,0.37608568075117371,0.014642018779342724,0.02517605633802817,0.45953638497652582,2.9342723004694835e-005,0.00023474178403755868,0.0063086854460093897,0,0.00058685446009389673,0.0011150234741784037,0.19122652582159624,0.54099178403755865,0.01431924882629108,0.20727699530516433,0.018133802816901409,0,0.0015845070422535212,0.0014671361502347417,0,0.024501173708920188,0.00049882629107981223,0.17511737089201879,0.75064553990610328,0.0020246478873239436,0.031690140845070422,0.037353286384976529,0,5.868544600938967e-005,0.0026995305164319249,0,0.00041079812206572768,0,0.70663145539906103,0.0016138497652582161,0.027670187793427229,0.0093603286384976534,0.25205399061032863,0,0.0006161971830985916,0.0015258215962441314,5.868544600938967e-005,0.00029342723004694836,0.00017605633802816902,0.74019953051643195,0.010739436619718309,0.031602112676056338,0.15956572769953051,0.043104460093896714,0,0.0017605633802816902,0.0050762910798122065,0.00046948356807511736,0.0070129107981220656,0.00046948356807511736,0.92708333333333337,0.0090082159624413141,0.0069835680751173706,0.0084507042253521118,0.041314553990610327,0,0.00026408450704225349,0.0051643192488262908,0.00079225352112676059,0.00093896713615023472,0
8207516641,0.23791079812206573,0,0,0.73227699530516432,0,0,0,0,0,0.029812206572769954,0,0.2813673708920188,0,0,0.65454812206572766,0,0,0,0,0,0.064084507042253519,0,0.18333333333333332,0,0,0.73773474178403753,0,0,0,0,0,0.078931924882629109,0,0.57599765258215962,0,0,0.38770539906103285,0,0,0,0,0,0.03629694835680751,0,0.27291666666666664,0,0,0.7129401408450704,0,0,0,0,0,0.014143192488262912,0,0.81707746478873244,0,0,0.17426643192488264,0,0,0,0,0,0.0086561032863849766,0,0.76511150234741787,0,0,0.20933098591549296,0,0,0,0,0,0.0255575117370892,0,0.71525821596244132,0,0,0.27098004694835681,0,0,0,0,0,0.013761737089201878,0,0.99553990610328635,0,0,0.0044600938967136149,0,0,0,0,0,0,0
8207516943,0.41910211267605635,0,0,0.58089788732394365,0,0,0,0,0,0,0,0.31751760563380282,0,0,0.4007335680751174,0,0,0,0,0,0.28174882629107983,0,0.93054577464788735,0,0,0.065375586854460099,0,0,0,0,0,0.0040786384976525822,0,0.86675469483568079,0,0,0.13324530516431926,0,0,0,0,0,0,0,0.40193661971830985,0,0,0.3550176056338028,0,0,0,0,0,0.24304577464788732,0,0.68559272300469487,0,0,0.13512323943661972,0,0,0,0,0,0.17928403755868544,0,0.33201291079812206,0,0,0.44055164319248824,0,0,0,0,0,0.22743544600938967,0,0.097388497652582159,0,0,0.63996478873239437,0,0,0,0,0,0.26264671361502345,0,0.2556338028169014,0,0,0.51323356807511733,0,0,0,0,0,0.23113262910798121,0
8207517271,0.16053403755868545,0,0,0.81613849765258217,0,0,0,0,0,0.023327464788732395,0,0.0075997652582159621,0,0,0.98450704225352115,0,0,0,0,0,0.0078931924882629113,0,0.019190140845070421,0,0,0.97605633802816905,0,0,0,0,0,0.0047535211267605631,0,0.42673122065727698,0,0,0.56575704225352108,0,0,0,0,0,0.0075117370892018778,0,0.45909624413145539,0,0,0.5115610328638498,0,0,0,0,0,0.029342723004694836,0,0.36605046948356806,0,0,0.58949530516431925,0,0,0,0,0,0.044454225352112679,0,0.27811032863849766,0,0,0.7132335680751174,0,0,0,0,0,0.0086561032863849766,0,0.63556338028169013,0,0,0.32588028169014083,0,0,0,0,0,0.038556338028169011,0,0.37259389671361504,0,0,0.56605046948356808,0,0,0,0,0,0.061355633802816903,0
8208607474,0.20469483568075117,0,0,0.63890845070422531,0,0,0,0,0,0.15639671361502347,0,0.54768192488262912,0,0,0.35777582159624416,0,0,0,0,0,0.09454225352112676,0,0.92761150234741785,0,0,0.067576291079812209,0,0,0,0,0,0.0048122065727699533,0,0.6081866197183099,0,0,0.39181338028169016,0,0,0,0,0,0,0,0.22306338028169015,0,0,0.41833920187793427,0,0,0,0,0,0.35859741784037558,0,0.79633215962441317,0,0,0.14753521126760563,0,0,0,0,0,0.056132629107981218,0,0.96258802816901412,0,0,0.037411971830985914,0,0,0,0,0,0,0,0.90134976525821597,0,0,0.098327464788732388,0,0,0,0,0,0.00032276995305164318,0,0.19785798122065729,0,0,0.78544600938967135,0,0,0,0,0,0.016696009389671362,0
8208607748,0.0034624413145539906,0,0,0.8922535211267606,0,0,0,0,0,0.10428403755868544,0,0.020980046948356808,0,0,0.86701877934272298,0,0,0,0,0,0.11200117370892018,0,0.013116197183098591,0,0,0.91828051643192488,0,0,0,0,0,0.068603286384976522,0,0.38576877934272302,0,0,0.52045187793427228,0,0,0,0,0,0.093779342723004699,0,0.61555164319248823,0,0,0.3352992957746479,0,0,0,0,0,0.049149061032863851,0,0.33459507042253522,0,0,0.56182511737089202,0,0,0,0,0,0.10357981220657277,0,0.52406103286384975,0,0,0.40812793427230049,0,0,0,0,0,0.067811032863849763,0,0.54380868544600935,0,0,0.40933098591549294,0,0,0,0,0,0.04686032863849765,0,0.23148474178403755,0,0,0.6164025821596244,0,0,0,0,0,0.15211267605633802,0
8539704393,0.49205873539106981,0.20177804415143341,0.0030965937468784336,0.031731761728765025,0.0001997802417340925,0,0.0071587919954716481,0.00046615389737954916,0,0.26344354543335663,6.6593413911364172e-005,0.00066593413911364169,0.5961109446275763,0.0059268138381114105,0.062497918955815267,0.00016648353477841042,0,0.18869243831785038,0.004095494955548896,0,0.14184397163120568,0,0.68734392168614522,0.17477441481037526,0.0012652748643159192,0.061665501281923218,0.021276595744680851,0,0.030333300036626376,0.00026637365564545669,0,0.022675057436819499,0.000399560483468185,0.71394799054373526,0.0024972530216761562,0.10971264941897246,0.032364399160922985,0.002430659607764792,3.3296706955682086e-005,0.028701761395797956,3.3296706955682086e-005,9.9890120867046251e-005,0.10884693503812473,0.0013318682782272834,0.056937368894216363,0.0022308793660306995,0.62950754170412548,0.11477374887623613,0.006026703958978457,0.0059601105450670933,0.13818133386608064,0.0009656045017147804,3.3296706955682086e-005,0.028668464688842273,0.016714946891752406,0.34512036759564479,0.00076582425998068793,0.23111244297938935,0.046182532547531047,0.054173742216894749,0.000399560483468185,0.23164519029068026,0.0010321979156261447,0.00023307694868977458,0.05317484100822429,0.036160223753870742,0.97962241534312255,0.00023307694868977458,0.014583957646588753,0.004461758732061399,0.0010321979156261447,0,0,6.6593413911364172e-005,0,0,0,0.4539673026337695,0.0022974727799420637,0.46675323810475144,0.06246462224885959,0.012386374987513734,3.3296706955682086e-005,9.9890120867046251e-005,0.00059934072520227753,0.0010987913295375088,3.3296706955682086e-005,0.00026637365564545669,0.44101488362800917,0.00013318682782272834,0.36995971098458363,0.015915825924816034,0.10478473678953151,3.3296706955682086e-005,0.0010321979156261447,0.00036626377651250293,0.0051609895781307225,0.00069923084606932377,0.06089967702194253
8540807008,0.071811148581630624,0.00019837333862328903,0.20852344111618065,0.59363221583019243,0.076836606493420612,0,0.0085961780070091913,0,0,0.039575481055346161,0.00082655557759703767,0.063281095020829195,0.020333267208887125,0.056338028169014086,0.24955365998809759,0.32344772862527277,0,0.0009918666931164452,0.00019837333862328903,0,0.27358989618461943,0.012266084771540038,0.0009257422469086821,0.0021159822786484162,0.054784103683131656,0.049295774647887321,0.80787542154334457,0.00013224889241552601,0.00039674667724657806,9.9186669311644515e-005,0,0.031706671956622363,0.052668121404483237,0.0036699067645308472,0.00019837333862328903,0.14775507505124644,0.71417708126694435,0.088540633472194666,0,0.0025788534021027572,3.3062223103881503e-005,0,0.04066653441777425,0.0023804800634794686,0.0014878000396746677,0.018018911591615422,0.18746280499900814,0.64487866164120877,0.048171659062355356,0,0.0037690934338424917,0,0,0.095153078092970966,0.0010579911393242081,3.3062223103881503e-005,0.011935462540501223,0.022383125041327778,0.623884149970244,0.16223632877074654,0,0.0014216755934669048,0,0,0.17096475567017128,0.0071414401904384053,0.0033062223103881507,0,0.70237386761885867,0.19080208953250016,0.10060834490511142,0,0.00029756000793493357,0,0,0.00069430668518151157,0.0019176089400251273,0,0,0.85125305825563713,0.11320505190769027,0.017489916021953315,0,0,0,0,0,0.018051973814719301,0,3.3062223103881503e-005,0.47136811479203861,0.50856311578390534,0.0096872313694372804,0,0.00066124446207763013,0,0,0.0096872313694372804,0
